"","Indicator","year","Indicator_no","Total.number.of.pregnant.women.Registered.for.ANC...","Number.of.Pregnant.women.registered.within.first.trimester...","Number.of.Women.registered.under.JSY...","X..1st.Trimester.registration.to.Total.ANC.Registrations...","X..JSY.registration.to.Total.ANC.Registration...","Number.of.pregnant.women.received.3.ANC.check.ups...","TT2.or.Booster.given.to.Pregnant.women..numbers....","X..Pregnant.Woman.received.3.ANC.check.ups.to.Total.ANC.Registrations...","X..Pregnant.women.received.TT2.or.Booster.to.Total.ANC.Registration...","Number.of.Pregnant.women.given.100.IFA.tablets...","X..Pregnant.women.given.100.IFA.to.Total.ANC.Registration...","Number.having.Hb.level.11..tested.cases....","Number.having.severe.anaemia..Hb.7..treated.at.institution...","X..Pregnant.women.having.severe.anaemia..Hb.7..treated.at.institution.to.women.having.hb.level.11...","X..New.cases.detected.at.institution.for.hypertension.to.Total.ANC.Registrations...","Number.of.Home.deliveries...","Number.of.home.deliveries.attended.by.SBA.trained..Doctor.Nurse.ANM....","Number.of.home.deliveries.attended.by.Non.SBA.trained..trained.TB.Dai....","X..SBA.attended.home.deliveries.to.Total.Reported.Home.Deliveries...","Mothers.paid.JSY.incentive.for.home.deliveries...","X..Mothers.paid.JSY.incentive.for.home.deliveries.to.Total.Reported.Home.Deliveries...","Deliveries.Conducted.at.Public.Institutions...","Number.of.Women.Discharged.under.48.hours.of.delivery.in.public.facilities...","X..Women.discharged.in.less.than.48.hours.of.delivery.to.Total.Reported.Deliveries.at.public.institutions...","Institutional.deliveries..Public.Insts..Pvt..Insts.....","X..Institutional.Deliveries.to.total.ANC.registration...","Total.reported.deliveries...","X..Institutional.deliveries.to.Total.Reported.Deliveries...","X..Safe.deliveries.to.Total.Reported.Deliveries...","X..Home.deliveries.to.Total.Reported.Deliveries...","Number.of.C.section.deliveries.conducted.at.public.facilities...","Number.of.C.section.deliveries.conducted.at.private.facilities...","X..C.section.deliveries..Public...Pvt...to.reported.institutional..Public...Pvt...deliveries...","X..C.sections.conducted.at.public.facilities.to.Deliveries.conducted.at.public.facilities...","X..C.sections.conducted.at.Private.facilities.to.Deliveries.conducted.at.private.facilities...","X..Deliveries.conducted.at.Public.Institutions.to.Total.Institutional.Deliveries...","X..Mothers.paid.JSY.Incentive.for.Delivery.at.Public.institution.to.Total.Public.Deliveries...","X..of.cases.where.JSY.Incentive.paid.to.ASHA.for.Delivery.at.Public.institution.to.Total.Public.Deliveries...","X..Deliveries.conducted.at.Private.Institutions.to.Total.Institutional.Deliveries...","Women.received.post.partum.check.up.within.48.hours.of.delivery...","Post...Natal.Care...Women.got.a.post.partum.check.up.between.48.hours.and.14.days...","X..Women.receiving.post.partum.check.up.within.48.hours.of.delivery.to.Total.Reported.Deliveries...","X..Women.getting.Post.Partum.Checkup.between.48.hours.and.14.days.to.Total.Deliveries...","Total.Number.of.reported.live.births...","X..Total.Reported.Live.Births.to.Total.Deliveries...","Total.Number.of.reported.Still.Births...","X..live.birth.to.Reported.Birth...","Number.of.Newborns.weighed.at.birth...","X..Newborns.weighed.at.birth.to.live.birth...","Number.of.Newborns.having.weight.less.than.2.5.kg...","X..Newborns.having.weight.less.than.2.5.kg.to.Newborns.weighed.at.birth..."
"2","Ambalapuzha BPHCArea","2014-15",1,"1940","1747","1903",90.1,98.1,"1834","1135",94.5,58.5,"1926",99.3,"57","0",0,1.9,2,1,1,50,0,0,"0",0,NA,"148",7.6,"150",98.7,99.3,1.3,"0","71",48,NA,48,0,NA,NA,100,"196","1275",130.7,850,"148",98.7,2,98.7,"148",100,"10",6.8
"3","Arookutty CHCArea","2014-15",1,"1551","1389","1174",89.6,75.7,"1383","666",89.2,42.9,"1453",93.7,"45","0",0,0.4,0,0,0,NA,0,NA,"0",0,NA,"0",0,"0",NA,NA,NA,"0","0",NA,NA,NA,NA,NA,NA,NA,"6","1248",NA,NA,"0",NA,0,NA,"0",NA,"0",NA
"4","Chempumpuram CHCArea","2014-15",1,"1521","1281","1166",84.2,76.7,"1426","750",93.8,49.3,"1491",98,"211","0",0,0.6,0,0,0,NA,0,NA,"0",0,NA,"164",10.8,"164",100,100,0,"0","66",40.2,NA,40.2,0,NA,NA,100,"164","1426",100,869.5,"167",101.8,0,100,"167",100,"18",10.8
"5","Chettikkad CHCArea","2014-15",1,"1786","1648","1782",92.3,99.8,"1747","967",97.8,54.1,"1735",97.1,"10","0",0,0.3,1,0,1,0,0,0,"1",1,100,"1",0.1,"2",50,50,50,"0","0",0,0,NA,100,0,0,0,"0","1556",0,7800,"1",50,0,100,"1",100,"1",100
"6","Chunakara CHCArea","2014-15",1,"2100","1697","1034",80.8,49.2,"2113","1426",100.6,67.9,"2901",138.1,"12","0",0,0.9,1,1,0,100,0,0,"0",0,NA,"762",36.3,"763",99.9,100,0.1,"0","478",62.7,NA,62.7,0,NA,NA,100,"624","1934",81.8,253.5,"770",100.9,2,99.7,"705",91.6,"0",0
"7","Kurathikad CHC Area","2014-15",1,"1405","1104","780",78.6,55.5,"1288","544",91.7,38.7,"1401",99.7,"1","0",0,0.2,0,0,0,NA,0,NA,"0",0,NA,"0",0,"0",NA,NA,NA,"0","0",NA,NA,NA,NA,NA,NA,NA,"1","1239",NA,NA,"0",NA,0,NA,"0",NA,"0",NA
"8","Medical College Hospital Alappuzha","2014-15",1,"786","292","0",37.2,0,"400","241",50.9,30.7,"3198",406.9,"90","13",14.4,37.7,NA,NA,NA,NA,NA,NA,"0",0,NA,"368",46.8,"368",100,100,0,"0","198",53.8,NA,53.8,0,NA,NA,100,"346","273",94,74.2,"368",100,1,99.7,"368",100,"15",4.1
"9","Muhama CHC Area","2014-15",1,"2014","1803","1404",89.5,69.7,"1813","1407",90,69.9,"1925",95.6,"42","0",0,1.7,1,1,0,100,0,0,"0",0,NA,"1835",91.1,"1836",99.9,100,0.1,"0","1152",62.8,NA,62.8,0,NA,NA,100,"1420","2819",77.3,153.5,"1864",101.5,2,99.9,"1864",100,"141",7.6
"10","Muthukulam CHC Area","2014-15",1,"2113","1789","1198",84.7,56.7,"1907","853",90.3,40.4,"2099",99.3,"13","0",0,0.7,0,0,0,NA,0,NA,"0",0,NA,"0",0,"0",NA,NA,NA,"0","0",NA,NA,NA,NA,NA,NA,NA,"0","1809",NA,NA,"0",NA,0,NA,"0",NA,"0",NA
"11","PP Unit Alappuzha","2014-15",1,"744","549","710",73.8,95.4,"750","613",100.8,82.4,"0",0,"15","14",93.3,37,NA,NA,NA,NA,NA,NA,"4564",0,0,"4564",613.4,"4564",100,100,0,"1772",NA,38.8,38.8,NA,100,33.2,0,0,"3667","1785",80.3,39.1,"4632",101.5,0,100,"4632",100,"882",19
"12","Pandanad CHC Area","2014-15",1,"1906","1449","999",76,52.4,"1818","1745",95.4,91.6,"1786",93.7,"8","0",0,0.4,2,0,2,0,0,0,"0",2,NA,"567",29.7,"569",99.6,99.6,0.4,"0","382",67.4,NA,67.4,0,NA,NA,100,"349","1966",61.3,345.5,"567",99.6,1,99.8,"567",100,"22",3.9
"13","THQH Chenganoor","2014-15",1,"222","164","159",73.9,71.6,"215","335",96.8,150.9,"359",161.7,"25","2",8,14,NA,NA,NA,NA,NA,NA,"312",0,0,"475",214,"475",100,100,0,"148","121",56.6,47.4,74.2,65.7,14.7,0,34.3,"460","258",96.8,54.3,"476",100.2,0,100,"476",100,"29",6.1
"14","THQH Cherthala","2014-15",1,"427","372","232",87.1,54.3,"414","1174",97,274.9,"359",84.1,"39","3",7.7,2.6,NA,NA,NA,NA,NA,NA,"1420",0,0,"2517",589.5,"2517",100,100,0,"642","619",50.1,45.2,56.4,56.4,81.2,0.9,43.6,"1131","751",44.9,29.8,"2519",100.1,4,99.8,"2519",100,"173",6.9
"15","THQH Haripad","2014-15",1,"39","31","23",79.5,59,"40","94",102.6,241,"41",105.1,"135","0",0,15.4,NA,NA,NA,NA,NA,NA,"876",0,0,"876",2246.2,"876",100,100,0,"597",NA,68.2,68.2,NA,100,4.7,2.4,0,"876","597",100,68.2,"877",100.1,0,100,"877",100,"61",7
"16","THQH Kayamkulam","2014-15",1,"801","505","452",63,56.4,"769","2247",96,280.5,"2021",252.3,"7","0",0,0.2,NA,NA,NA,NA,NA,NA,"573",0,0,"3339",416.9,"3339",100,100,0,"339","1171",45.2,59.2,42.3,17.2,41.9,2.6,82.8,"3340","1515",100,45.4,"3355",100.5,1,100,"3355",100,"363",10.8
"17","THQH Mavelikkara","2014-15",1,"192","126","71",65.6,37,"178","847",92.7,441.1,"670",349,"95","1",1.1,134.4,NA,NA,NA,NA,NA,NA,"426",0,0,"1317",685.9,"1317",100,100,0,"259","604",65.5,60.8,67.8,32.3,58.2,5.4,67.7,"1317","857",100,65.1,"1320",100.2,2,99.8,"1320",100,"99",7.5
"18","THQH Pulinkunnu","2014-15",1,"44","32","42",72.7,95.5,"45","39",102.3,88.6,"59",134.1,"10","0",0,0,NA,NA,NA,NA,NA,NA,"0",0,NA,"0",0,"0",NA,NA,NA,"0",NA,NA,NA,NA,NA,NA,NA,NA,"2","32",NA,NA,"0",NA,0,NA,"0",NA,"0",NA
"19","Thrikkunnapuzha CHC Area","2014-15",1,"2090","1774","1546",84.9,74,"2072","2491",99.1,119.2,"1994",95.4,"311","0",0,3.9,0,0,0,NA,0,NA,"0",0,NA,"302",14.4,"302",100,100,0,"0","205",67.9,NA,67.9,0,NA,NA,100,"329","1839",108.9,608.9,"305",101,0,100,"305",100,"11",3.6
"20","Thuravoor CHC Area","2014-15",1,"2550","2215","1784",86.9,70,"2297","1302",90.1,51.1,"2403",94.2,"43","0",0,1.1,2,1,1,50,0,0,"0",0,NA,"0",0,"2",0,50,100,"0","0",NA,NA,NA,NA,NA,NA,NA,"1","1925",50,6250,"2",100,0,100,"2",100,"1",50
"21","Veliyanad CHC Area","2014-15",1,"1011","867","641",85.8,63.4,"943","658",93.3,65.1,"976",96.5,"8","0",0,0.7,1,0,1,0,0,0,"0",0,NA,"0",0,"1",0,0,100,"0","0",NA,NA,NA,NA,NA,NA,NA,"0","861",0,6100,"0",0,0,NA,"0",NA,"0",NA
"22","W and C Hospital Alappuzha","2014-15",1,"1124","753","877",67,78,"1083","943",96.4,83.9,"1042",92.7,"1961","23",1.2,25.4,NA,NA,NA,NA,NA,NA,"2128",0,0,"2128",189.3,"2128",100,100,0,"1148",NA,53.9,53.9,NA,100,48.8,1.2,0,"2000","1897",94,89.1,"2123",99.8,7,99.7,"2123",100,"275",13
"24","Ankamaly BPHCArea","2014-15",2,"2,457","1,965","490",80,19.9,"2,128","1,309",86.6,53.3,"1,403",57.1,"5","0",0,0.5,0,0,0,NA,0,NA,"1",0,0,"1,999",81.4,"1,999",100,100,0,"0","1,328",66.4,0,66.5,0.1,400,0,99.9,"1,997","2,638",99.9,132,"2,001",100.1,1,100,"2,001",100,"165",8.2
"25","Chengamanad CHCArea","2014-15",2,"1,951","1,637","644",83.9,33,"1,643","683",84.2,35,"1,740",89.2,"177","2",1.1,1.6,1,0,1,0,0,0,"0",0,NA,"308",15.8,"309",99.7,99.7,0.3,"0","179",58.1,NA,58.1,0,NA,NA,100,"309","1,785",100,577.7,"309",100,1,99.7,"309",100,"42",13.6
"26","Cheranalloor BPHCArea","2014-15",2,"2,048","1,264","239",61.7,11.7,"1,935","963",94.5,47,"1,786",87.2,"12","0",0,0.2,2,1,1,50,0,0,"0",0,NA,"1,612",78.7,"1,614",99.9,99.9,0.1,"0","1,052",65.3,NA,65.3,0,NA,NA,100,"1,614","3,102",100,192.2,"1,724",106.8,3,99.8,"1,724",100,"525",30.5
"27","Ezhikkara CHCArea","2014-15",2,"1,810","1,581","614",87.3,33.9,"1,606","1,178",88.7,65.1,"1,698",93.8,"9","0",0,1.2,2,0,2,0,0,0,"0",0,NA,"0",0,"2",0,0,100,"0","0",NA,NA,NA,NA,NA,NA,NA,"2","1,607",100,350,"2",100,0,100,"2",100,"1",50
"28","GH Ernakulam","2014-15",2,"2,257","1,460","216",64.7,9.6,"1,982","6,093",87.8,270,"2,317",102.7,"1,334","54",4,5.5,NA,NA,NA,NA,NA,NA,"2,774",0,0,"9,271",410.8,"9,271",100,100,0,"1,271","3,454",51,45.8,53.2,29.9,9,0,70.1,"9,271","3,216",100,34.7,"9,326",100.6,19,99.8,"9,326",100,"1,071",11.5
"29","Kalady CHCArea","2014-15",2,"1,309","1,069","384",81.7,29.3,"1,200","290",91.7,22.2,"1,289",98.5,"3","0",0,0.5,1,0,1,0,0,0,"0",0,NA,"55",4.2,"56",98.2,98.2,1.8,"0","37",67.3,NA,67.3,0,NA,NA,100,"56","1,171",100,2091.1,"55",98.2,1,98.2,"55",100,"9",16.4
"30","Keechery CHCArea","2014-15",2,"1,661","1,436","389",86.5,23.4,"1,536","617",92.5,37.1,"1,551",93.4,"12","1",8.3,1,1,1,0,100,0,0,"0",0,NA,"253",15.2,"254",99.6,100,0.4,"0","154",60.9,NA,60.9,0,NA,NA,100,"253","1,540",99.6,606.3,"256",100.8,0,100,"256",100,"12",4.7
"31","Kumbalangi CHCArea","2014-15",2,"825","758","447",91.9,54.2,"780","360",94.5,43.6,"803",97.3,"13","0",0,0.7,0,0,0,NA,0,NA,"0",0,NA,"0",0,"0",NA,NA,NA,"0","0",NA,NA,NA,NA,NA,NA,NA,"0","674",NA,NA,"0",NA,0,NA,"0",NA,"0",NA
"32","Malayidamthuruth BPHCArea","2014-15",2,"3,722","3,243","599",87.1,16.1,"3,613","1,002",97.1,26.9,"3,624",97.4,"4","0",0,0.3,4,0,4,0,0,0,"0",0,NA,"1,186",31.9,"1,190",99.7,99.7,0.3,"0","608",51.3,NA,51.3,0,NA,NA,100,"1,194","4,012",100.3,337.1,"1,197",100.6,2,99.8,"1,197",100,"15",1.3
"33","Malippuram CHCArea","2014-15",2,"2,334","2,127","1,125",91.1,48.2,"2,145","855",91.9,36.6,"2,248",96.3,"20","0",0,0.1,0,0,0,NA,0,NA,"0",0,NA,"152",6.5,"152",100,100,0,"0","105",69.1,NA,69.1,0,NA,NA,100,"152","1,224",100,805.3,"153",100.7,0,100,"153",100,"0",0
"34","Nettoor BPHCArea","2014-15",2,"870","703","230",80.8,26.4,"844","250",97,28.7,"966",111,"29","0",0,3.2,0,0,0,NA,0,NA,"0",0,NA,"245",28.2,"245",100,100,0,"0","163",66.5,NA,66.5,0,NA,NA,100,"258","678",105.3,276.7,"248",101.2,0,100,"248",100,"30",12.1
"35","Pallarimangalam BPHCArea","2014-15",2,"1,049","882","465",84.1,44.3,"1,051","859",100.2,81.9,"912",86.9,"36","0",0,2.6,0,0,0,NA,0,NA,"0",0,NA,"22",2.1,"22",100,100,0,"0","10",45.5,NA,45.5,0,NA,NA,100,"24","907",109.1,4122.7,"22",100,0,100,"22",100,"4",18.2
"36","Pampakkuda BPHCArea","2014-15",2,"902","754","341",83.6,37.8,"897","592",99.4,65.6,"878",97.3,"3","0",0,0.6,0,0,0,NA,0,NA,"0",0,NA,"308",34.1,"308",100,100,0,"0","153",49.7,NA,49.7,0,NA,NA,100,"308","754",100,244.8,"308",100,2,99.4,"308",100,"39",12.7
"37","Pandappilly BPHCArea","2014-15",2,"2,116","1,680","818",79.4,38.7,"1,906","1,787",90.1,84.5,"2,256",106.6,"7","0",0,0.6,0,0,0,NA,0,NA,"0",2,NA,"842",39.8,"842",100,100,0,"0","647",76.8,NA,76.8,0,NA,NA,100,"842","1,877",100,222.9,"893",106.1,2,99.8,"893",100,"96",10.8
"38","Pizhala BPHCArea","2014-15",2,"400","302","113",75.5,28.3,"357","79",89.3,19.8,"323",80.8,"27","0",0,0,0,0,0,NA,0,NA,"0",0,NA,"0",0,"0",NA,NA,NA,"0",NA,NA,NA,NA,NA,NA,NA,NA,"0","296",NA,NA,"0",NA,0,NA,"0",NA,"0",NA
"39","Ramamangalam BPHCArea","2014-15",2,"646","575","230",89,35.6,"607","270",94,41.8,"604",93.5,"10","0",0,0.6,0,0,0,NA,0,NA,"0",0,NA,"54",8.4,"54",100,100,0,"0","40",74.1,NA,74.1,0,NA,NA,100,"48","548",88.9,1014.8,"54",100,1,98.2,"54",100,"6",11.1
"40","THQH Aluva","2014-15",2,"202","170","89",84.2,44.1,"207","3,213",102.5,1590.6,"131",64.9,"219","13",5.9,27.2,0,0,0,NA,0,NA,"1,667",0,0,"4,580",2267.3,"4,580",100,100,0,"1,149","1,405",55.8,68.9,48.2,36.4,37.9,0,63.6,"4,580","3,265",100,71.3,"4,613",100.7,5,99.9,"4,613",100,"459",10
"41","THQH Kochi","2014-15",2,"160","136","0",85,0,"232","162",145,101.3,"196",122.5,"47","0",0,1.9,NA,NA,NA,NA,NA,NA,"120",0,0,"120",75,"120",100,100,0,"70",NA,58.3,58.3,NA,100,85.8,0,0,"120","163",100,135.8,"120",100,0,100,"120",100,"7",5.8
"42","THQH Kothamangalam","2014-15",2,"474","390","113",82.3,23.8,"416","1,848",87.8,389.9,"558",117.7,"21","0",0,2.7,NA,NA,NA,NA,NA,NA,"197",0,0,"3,073",648.3,"3,073",100,100,0,"131","1,018",37.4,66.5,35.4,6.4,82.7,0,93.6,"3,073","411",100,13.4,"3,097",100.8,3,99.9,"3,097",100,"176",5.7
"43","THQH Muvatupuzha","2014-15",2,"372","299","327",80.4,87.9,"371","413",99.7,111,"315",84.7,"15","0",0,3.2,0,0,0,NA,0,NA,"288",0,0,"1,134",304.8,"1,134",100,100,0,"203","601",70.9,70.5,71,25.4,21.2,0,74.6,"1,134","1,031",100,90.9,"1,142",100.7,1,99.9,"1,142",100,"63",5.5
"44","THQH N Paravur","2014-15",2,"322","274","64",85.1,19.9,"309","1,192",96,370.2,"343",106.5,"353","8",2.3,24.2,0,0,0,NA,0,NA,"652",0,0,"2,114",656.5,"2,114",100,100,0,"441","966",66.6,67.6,66.1,30.8,60.9,2.1,69.2,"2,113","1,829",100,86.5,"2,125",100.5,2,99.9,"2,125",100,"102",4.8
"45","THQH Perumbavoor","2014-15",2,"128","78","17",60.9,13.3,"120","739",93.8,577.3,"144",112.5,"143","3",2.1,5.5,NA,NA,NA,NA,NA,NA,"333",0,0,"1,707",1333.6,"1,707",100,100,0,"161","811",56.9,48.3,59,19.5,67.6,0,80.5,"1,707","477",100,27.9,"1,708",100.1,4,99.8,"1,708",100,"88",5.2
"46","THQH Piravom","2014-15",2,"0","0","0",NA,NA,"0","16",NA,NA,"0",NA,"0","0",NA,NA,NA,NA,NA,NA,NA,NA,"0",0,NA,"0",NA,"0",NA,NA,NA,"0",NA,NA,NA,NA,NA,NA,NA,NA,"0","0",NA,NA,"0",NA,0,NA,"0",NA,"0",NA
"47","THQH Tripunitura","2014-15",2,"527","411","110",78,20.9,"488","1,186",92.6,225,"523",99.2,"2","0",0,0.2,NA,NA,NA,NA,NA,NA,"525",0,0,"1,951",370.2,"1,951",100,100,0,"297","933",63,56.6,65.4,26.9,66.5,6.9,73.1,"1,916","1,143",98.2,58.6,"1,957",100.3,0,100,"1,957",100,"88",4.5
"48","Vadavucode CHCArea","2014-15",2,"2,011","1,630","558",81.1,27.7,"1,940","855",96.5,42.5,"2,042",101.5,"533","0",0,12.1,2,1,1,50,0,0,"0",0,NA,"2,737",136.1,"2,739",99.9,100,0.1,"0","1,114",40.7,NA,40.7,0,NA,NA,100,"2,743","3,725",100.1,136,"2,780",101.5,23,99.2,"2,780",100,"508",18.3
"49","Varappetty BPHCArea","2014-15",2,"1,886","1,604","680",85,36.1,"1,791","812",95,43.1,"1,828",96.9,"12","0",0,0.9,13,0,13,0,0,0,"0",0,NA,"0",0,"13",0,0,100,"0","0",NA,NA,NA,NA,NA,NA,NA,"12","1,686",92.3,2969.2,"13",100,2,86.7,"13",100,"6",46.2
"50","Varappuzha BPHCArea","2014-15",2,"2,476","2,051","744",82.8,30,"2,226","1,025",89.9,41.4,"2,338",94.4,"21","0",0,0.7,1,0,1,0,0,0,"0",0,NA,"752",30.4,"753",99.9,99.9,0.1,"0","392",52.1,NA,52.1,0,NA,NA,100,"763","2,205",101.3,292.8,"757",100.5,0,100,"757",100,"104",13.7
"51","Vengoor BPHCArea","2014-15",2,"2,012","1,752","674",87.1,33.5,"1,890","716",93.9,35.6,"1,946",96.7,"6","0",0,0.2,2,0,2,0,0,0,"0",0,NA,"343",17,"345",99.4,99.4,0.6,"0","149",43.4,NA,43.4,0,NA,NA,100,"345","1,807",100,523.8,"344",99.7,1,99.7,"344",100,"15",4.4
"52","W and C Mattanchery","2014-15",2,"1,457","918","33",63,2.3,"1,317","1,710",90.4,117.4,"1,434",98.4,"915","30",3.3,0.2,1,0,1,0,0,0,"419",1,0.2,"2,216",152.1,"2,217",100,100,0,"215","903",50.5,51.3,50.3,18.9,78,0,81.1,"2,215","1,086",99.9,49,"2,226",100.4,1,100,"2,226",100,"271",12.2
"54","Chithirapuram CHCArea","2014-15",3,"2,700","2,286","1,978",84.7,73.3,"2,671","1,507",98.9,55.8,"2,577",95.4,"449","9",2,7.7,56,1,55,1.8,2,3.6,"0",0,NA,"710",26.3,"766",92.7,92.8,7.3,"0","361",50.8,NA,50.8,0,NA,NA,100,"785","2,920",102.5,381.2,"759",99.1,11,98.6,"759",100,"199",26.2
"55","DH Idukki","2014-15",3,"0","0","0",NA,NA,"0","0",NA,NA,"0",NA,"0","0",NA,NA,NA,NA,NA,NA,NA,NA,"656",6,0.9,"656",NA,"656",100,100,0,"376",NA,57.3,57.3,NA,100,0,0,0,"633","242",96.5,36.9,"655",99.8,3,99.5,"655",100,"74",11.3
"56","Muttom CHCArea","2014-15",3,"2,359","2,054","1,289",87.1,54.6,"2,022","735",85.7,31.2,"2,091",88.6,"157","0",0,0.1,2,1,1,50,0,0,"0",0,NA,"56",2.4,"58",96.6,98.3,3.4,"0","26",46.4,NA,46.4,0,NA,NA,100,"99","1,747",170.7,3012.1,"57",98.3,1,98.3,"56",98.2,"12",21.4
"57","Pampadampara BPHC Area","2014-15",3,"1,340","1,147","552",85.6,41.2,"1,205","1,140",89.9,85.1,"1,341",100.1,"93","3",3.2,0.7,3,1,2,33.3,0,0,"0",3,NA,"560",41.8,"563",99.5,99.6,0.5,"0","343",61.3,NA,61.3,0,NA,NA,100,"516","1,244",91.7,221,"562",99.8,3,99.5,"562",100,"42",7.5
"58","Purapuzha CHC Area","2014-15",3,"1,025","875","466",85.4,45.5,"925","485",90.2,47.3,"955",93.2,"71","0",0,0.3,0,0,0,NA,0,NA,"0",0,NA,"0",0,"0",NA,NA,NA,"0",NA,NA,NA,NA,NA,NA,NA,NA,"27","874",NA,NA,"0",NA,0,NA,"0",NA,"0",NA
"59","Rajakkadu CHC Area","2014-15",3,"1,129","974","724",86.3,64.1,"936","651",82.9,57.7,"1,010",89.5,"25","0",0,0.2,3,1,2,33.3,0,0,"0",0,NA,"9",0.8,"12",75,83.3,25,"0","6",66.7,NA,66.7,0,NA,NA,100,"27","859",225,7158.3,"11",91.7,0,100,"11",100,"1",9.1
"60","THQH Adimaly","2014-15",3,"15","13","9",86.7,60,"15","574",100,3826.7,"649",4326.7,"791","23",2.9,906.7,NA,NA,NA,NA,NA,NA,"1,686",0,0,"2,232",4880,"2,232",100,100,0,"732","270",44.9,43.4,49.5,75.5,50.4,0,24.5,"2,234","1",100.1,0,"2,242",100.4,9,99.6,"2,242",100,"352",15.7
"61","THQH Nedumkandom","2014-15",3,"40","26","16",65,40,"35","312",87.5,780,"77",192.5,"2","0",0,0,NA,NA,NA,NA,NA,NA,"45",2,4.4,"734",1835,"734",100,100,0,"19","342",49.2,42.2,49.6,6.1,240,0,93.9,"374","161",51,21.9,"738",100.5,1,99.9,"738",100,"128",17.3
"62","THQH Peerumedu","2014-15",3,"9","6","8",66.7,88.9,"20","41",222.2,455.6,"19",211.1,"18","0",0,0,NA,NA,NA,NA,NA,NA,"0",0,NA,"0",0,"0",NA,NA,NA,"0",NA,NA,NA,NA,NA,NA,NA,NA,"3","23",NA,NA,"0",NA,0,NA,"0",NA,"0",NA
"63","THQH Thodupuzha","2014-15",3,"581","414","140",71.3,24.1,"501","3,072",86.2,528.7,"1,011",174,"2,127","27",1.3,52.3,NA,NA,NA,NA,NA,NA,"1,005",0,0,"4,858",836.1,"4,858",100,100,0,"469","1,961",50,46.7,50.9,20.7,30.4,3.5,79.3,"4,863","4,520",100.1,93,"4,911",101.1,12,99.8,"4,884",99.5,"493",10.1
"64","Upputhara CHC Area","2014-15",3,"2,945","2,485","1,428",84.4,48.5,"2,532","2,118",86,71.9,"2,304",78.2,"202","0",0,0.6,6,1,5,16.7,0,0,"0",0,NA,"1,848",62.8,"1,854",99.7,99.7,0.3,"0","862",46.6,NA,46.6,0,NA,NA,100,"1,847","4,151",99.6,223.9,"1,867",100.7,8,99.6,"1,867",100,"273",14.6
"65","Vandiperiyar CHC Area","2014-15",3,"1,979","1,792","1,320",90.6,66.7,"1,899","2,025",96,102.3,"2,142",108.2,"20","0",0,0.4,13,1,12,7.7,1,7.7,"0",1,NA,"854",43.2,"867",98.5,98.6,1.5,"0","411",48.1,NA,48.1,0,NA,NA,100,"864","1,645",99.7,189.7,"865",99.8,6,99.3,"862",99.7,"93",10.8
"67","Azhikode CHCArea","2014-15",4,"2,553","2,048","781",80.2,30.6,"2,383","2,728",93.3,106.9,"2,414",94.6,"197","0",0,1.2,0,0,0,NA,0,NA,"0",0,NA,"1,191",46.7,"1,191",100,100,0,"0","746",62.6,NA,62.6,0,NA,NA,100,"1,192","1,803",100.1,151.4,"1,204",101.1,2,99.8,"1,204",100,"206",17.1
"68","Chittariparamba PHCArea","2014-15",4,"2,108","1,762","843",83.6,40,"2,099","1,153",99.6,54.7,"2,057",97.6,"149","46",30.9,0.9,0,0,0,NA,0,NA,"0",0,NA,"953",45.2,"953",100,100,0,"0","343",36,NA,36,0,NA,NA,100,"951","1,957",99.8,205.4,"953",100,4,99.6,"953",100,"41",4.3
"69","DH Kannur","2014-15",4,"719","548","328",76.2,45.6,"697","1,441",96.9,200.4,"675",93.9,"221","43",19.5,42.7,NA,NA,NA,NA,NA,NA,"3,458",0,0,"10,863",1510.8,"10,863",100,100,0,"1,898","3,023",45.3,54.9,40.8,31.8,54.6,3.3,68.2,"10,855","6,440",99.9,59.3,"10,866",100,26,99.8,"10,869",100,"648",6
"70","Ezhome PHCArea","2014-15",4,"2,421","2,082","608",86,25.1,"2,518","1,576",104,65.1,"2,608",107.7,"29",NA,0,0.8,1,0,1,0,0,0,"0",0,NA,"1,689",69.8,"1,690",99.9,99.9,0.1,"0","558",33,NA,33,0,NA,NA,100,"1,689","2,022",99.9,119.6,"1,681",99.5,9,99.5,"1,681",100,"185",11
"71","GH Thalassery","2014-15",4,"548","442","74",80.7,13.5,"477","3,955",87,721.7,"454",82.8,"31","0",0,1.8,NA,NA,NA,NA,NA,NA,"4,220",0,0,"11,894",2170.4,"11,894",100,100,0,"2,060","3,943",50.5,48.8,51.4,35.5,69.7,0,64.5,"11,893","7,701",100,64.7,"11,897",100,38,99.7,"11,897",100,"1,152",9.7
"72","Iritty CHCArea","2014-15",4,"4,872","4,121","2,052",84.6,42.1,"4,693","3,451",96.3,70.8,"4,793",98.4,"36","0",0,0.3,2,1,1,50,0,0,"2",0,0,"2,128",43.7,"2,130",99.9,100,0.1,"0","836",39.3,0,39.3,0.1,0,0,99.9,"2,132","3,718",100.1,174.6,"2,130",100,4,99.8,"2,130",100,"123",5.8
"73","Iriveri CHCArea","2014-15",4,"4,609","3,822","1,148",82.9,24.9,"4,352","3,071",94.4,66.6,"4,482",97.2,"60","0",0,0.2,0,0,0,NA,0,NA,"0",0,NA,"314",6.8,"314",100,100,0,"0","123",39.2,NA,39.2,0,NA,NA,100,"314","2,831",100,901.6,"315",100.3,1,99.7,"315",100,"17",5.4
"74","Keezhpally PHCArea","2014-15",4,"1,861","1,601","1,473",86,79.2,"1,812","896",97.4,48.1,"1,945",104.5,"108",NA,0,0.9,8,0,8,0,4,50,"0",1,NA,"2",0.1,"10",20,20,80,"0",NA,0,NA,0,0,NA,NA,100,"9","1,081",90,810,"11",110,0,100,"11",100,"7",63.6
"75","Mayyil CHCArea","2014-15",4,"3,273","2,813","1,377",85.9,42.1,"3,286","2,694",100.4,82.3,"3,407",104.1,"173","0",0,0.7,1,0,1,0,1,100,"0",0,NA,"838",25.6,"839",99.9,99.9,0.1,"0","309",36.9,NA,36.9,0,NA,NA,100,"793","2,641",94.5,314.8,"842",100.4,0,100,"842",100,"46",5.5
"76","Oduvallithattu CHCArea","2014-15",4,"2,267","2,020","1,025",89.1,45.2,"2,254","1,221",99.4,53.9,"2,222",98,"60","0",0,0.4,3,0,3,0,0,0,"0",0,NA,"8",0.4,"11",72.7,72.7,27.3,"0","3",37.5,NA,37.5,0,NA,NA,100,"10","1,910",90.9,7363.6,"11",100,0,100,"11",100,"1",9.1
"77","Panoor CHCArea","2014-15",4,"2,492","2,079","648",83.4,26,"2,342","859",94,34.5,"2,286",91.7,"31","0",0,0.3,1,0,1,0,0,0,"0",0,NA,"0",0,"1",0,0,100,"0",NA,NA,NA,NA,NA,NA,NA,NA,"1","1,464",100,6400,"1",100,0,100,"1",100,"1",100
"78","Pappinissery CHCArea","2014-15",4,"3,130","2,619","1,056",83.7,33.7,"3,118","1,247",99.6,39.8,"3,013",96.3,"28","0",0,0.2,1,0,1,0,0,0,"0",0,NA,"860",27.5,"861",99.9,99.9,0.1,"0","401",46.6,NA,46.6,0,NA,NA,100,"861","2,274",100,264.1,"868",100.8,0,100,"868",100,"44",5.1
"79","Payyangadi CHCArea","2014-15",4,"3,496","2,852","920",81.6,26.3,"3,439","3,506",98.4,100.3,"3,582",102.5,"22","0",0,0.5,4,0,4,0,0,0,"0",0,NA,"4,754",136,"4,758",99.9,99.9,0.1,"0","1,668",35.1,NA,35.1,0,NA,NA,100,"4,757","5,452",100,114.6,"4,785",100.6,7,99.9,"4,785",100,"286",6
"80","Peringome CHCArea","2014-15",4,"1,973","1,720","743",87.2,37.7,"1,912","934",96.9,47.3,"1,984",100.6,"79","0",0,0.8,4,0,4,0,0,0,"0",11,NA,"2,045",103.6,"2,049",99.8,99.8,0.2,"0","871",42.6,NA,42.6,0,NA,NA,100,"2,048","1,761",100,85.9,"2,041",99.6,72,96.6,"2,041",100,"666",32.6
"81","Pinarayi CHCArea","2014-15",4,"4,803","4,035","1,213",84,25.3,"4,444","2,066",92.5,43,"4,708",98,"69","0",0,1.5,1,0,1,0,0,0,"0",0,NA,"179",3.7,"180",99.4,99.4,0.6,"0","83",46.4,NA,46.4,0,NA,NA,100,"181","2,141",100.6,1189.4,"181",100.6,1,99.5,"181",100,"8",4.4
"82","THQH Kuthuparamba","2014-15",4,"78","71","11",91,14.1,"75","586",96.2,751.3,"75",96.2,"742","1",0.1,0,NA,NA,NA,NA,NA,NA,"86",0,0,"192",246.2,"192",100,100,0,"2","45",24.5,2.3,42.5,44.8,52.3,0,55.2,"192","192",100,100,"189",98.4,3,98.4,"189",100,"18",9.5
"83","THQH Payyannur","2014-15",4,"80","72","26",90,32.5,"80","865",100,1081.3,"80",100,"90","4",4.4,63.8,NA,NA,NA,NA,NA,NA,"633",0,0,"771",963.8,"771",100,100,0,"214","78",37.9,33.8,56.5,82.1,64.3,3.6,17.9,"771","405",100,52.5,"772",100.1,6,99.2,"772",100,"95",12.3
"84","THQH Peravoor","2014-15",4,"0","0","0",NA,NA,"0","141",NA,NA,"31",NA,"45","8",17.8,NA,NA,NA,NA,NA,NA,NA,"172",1,0.6,"172",NA,"172",100,100,0,"0",NA,0,0,NA,100,0,0,0,"173","172",100.6,100,"195",113.4,0,100,"195",100,"21",10.8
"85","THQH Taliparamba","2014-15",4,"105","61","6",58.1,5.7,"99","1,022",94.3,973.3,"113",107.6,"1,282","13",1,100,NA,NA,NA,NA,NA,NA,"2,087",0,0,"4,436",4224.8,"4,436",100,100,0,"846","633",33.3,40.5,26.9,47,18.2,0,53,"4,436","4,436",100,100,"4,450",100.3,25,99.4,"4,450",100,"441",9.9
"86","Wand C hospital mangattuparamba","2014-15",4,"35","31","16",88.6,45.7,"38","600",108.6,1714.3,"56",160,"1,023","46",4.5,131.4,NA,NA,NA,NA,NA,NA,"499",0,0,"499",1425.7,"499",100,100,0,"248",NA,49.7,49.7,NA,100,118.6,4,0,"1,262","1,166",252.9,233.7,"1,269",254.3,5,99.6,"1,269",100,"143",11.3
"88","Bedaduka CHCArea","2014-15",5,"2,988","2,516","927",84.2,31,"2,974","2,669",99.5,89.3,"2,802",93.8,"598","0",0,1.2,2,2,0,100,0,0,"0",0,NA,"525",17.6,"527",99.6,100,0.4,"0","91",17.3,NA,17.3,0,NA,NA,100,"461","2,831",87.5,537.2,"529",100.4,0,100,"529",100,"52",9.8
"89","DH Kanhangad","2014-15",5,"274","231","42",84.3,15.3,"268","1,113",97.8,406.2,"244",89.1,"50","0",0,30.3,NA,NA,NA,NA,NA,NA,"1,731",0,0,"2,774",1012.4,"2,774",100,100,0,"390","218",21.9,22.5,20.9,62.4,74.6,0,37.6,"2,853","233",102.8,8.4,"2,870",103.5,2,99.9,"2,870",100,"409",14.3
"90","GH Kasaragod","2014-15",5,"763","569","248",74.6,32.5,"703","5,143",92.1,674,"928",121.6,"188","68",36.2,2.1,NA,NA,NA,NA,NA,NA,"2,732",0,0,"10,132",1327.9,"10,132",100,100,0,"636","1,667",22.7,23.3,22.5,27,75.8,0,73,"10,756","2,552",106.2,25.2,"10,792",106.5,14,99.9,"10,792",100,"348",3.2
"91","Kumbla CHCArea","2014-15",5,"3,513","2,637","994",75.1,28.3,"3,216","2,194",91.5,62.5,"2,710",77.1,"636","0",0,2.2,7,0,7,0,0,0,"0",0,NA,"1,849",52.6,"1,856",99.6,99.6,0.4,"0","560",30.3,NA,30.3,0,NA,NA,100,"1,853","2,836",99.8,152.8,"1,867",100.6,7,99.6,"1,866",99.9,"178",9.5
"92","Mangalapady CHCArea","2014-15",5,"3,707","2,840","898",76.6,24.2,"3,498","901",94.4,24.3,"3,514",94.8,"219","0",0,0.3,6,0,6,0,0,0,"0",0,NA,"298",8,"304",98,98,2,"0","45",15.1,NA,15.1,0,NA,NA,100,"229","3,270",75.3,1075.7,"303",99.7,3,99,"302",99.7,"25",8.3
"93","Muliyar CHCArea","2014-15",5,"3,707","2,735","952",73.8,25.7,"3,430","1,280",92.5,34.5,"3,017",81.4,"422","0",0,1.1,10,2,8,20,0,0,"0",0,NA,"18",0.5,"28",64.3,71.4,35.7,"0","7",38.9,NA,38.9,0,NA,NA,100,"25","3,328",89.3,1885.7,"28",100,0,100,"28",100,"3",10.7
"94","Nileshwar CHCArea","2014-15",5,"4,888","4,291","1,746",87.8,35.7,"4,702","2,294",96.2,46.9,"4,585",93.8,"699","0",0,1.3,4,1,3,25,0,0,"0",3,NA,"399",8.2,"403",99,99.3,1,"0","89",22.3,NA,22.3,0,NA,NA,100,"370","2,119",91.8,525.8,"401",99.5,2,99.5,"401",100,"22",5.5
"95","Panathady CHCArea","2014-15",5,"1,853","1,658","861",89.5,46.5,"1,833","1,370",98.9,73.9,"1,632",88.1,"326","0",0,1.9,2,0,2,0,0,0,"0",0,NA,"0",0,"2",0,0,100,"0","0",NA,NA,NA,NA,NA,NA,NA,"1","1,635",50,1750,"2",100,0,100,"2",100,"1",50
"96","Periye CHCArea","2014-15",5,"3,252","2,807","978",86.3,30.1,"2,952","3,455",90.8,106.2,"2,972",91.4,"471","0",0,2,1,0,1,0,0,0,"0",0,NA,"4,978",153.1,"4,979",100,100,0,"0","1,225",24.6,NA,24.6,0,NA,NA,100,"4,979","2,778",100,55.8,"5,016",100.7,3,99.9,"5,016",100,"430",8.6
"98","Anchal CHCArea","2014-15",6,"2,049","1,706","927",83.3,45.2,"2,046","1,353",99.9,66,"1,937",94.5,"90","0",0,3.7,5,1,4,20,0,0,"0",0,NA,"683",33.3,"688",99.3,99.4,0.7,"0","383",56.1,NA,56.1,0,NA,NA,100,"687","1,987",99.9,288.8,"691",100.4,0,100,"690",99.9,"26",3.8
"99","Chavara CHCArea","2014-15",6,"1,538","1,336","791",86.9,51.4,"1,429","537",92.9,34.9,"1,491",96.9,"10","0",0,0.7,0,0,0,NA,0,NA,"0",0,NA,"0",0,"0",NA,NA,NA,"0",NA,NA,NA,NA,NA,NA,NA,NA,"0","1,383",NA,NA,"0",NA,0,NA,"0",NA,"0",NA
"100","District Hospital Kollam","2014-15",6,NA,NA,NA,NA,NA,NA,NA,NA,NA,NA,NA,NA,NA,NA,NA,NA,NA,NA,NA,NA,NA,NA,NA,NA,NA,NA,NA,NA,NA,NA,NA,NA,NA,NA,NA,NA,NA,NA,NA,NA,NA,NA,NA,NA,NA,NA,NA,NA,NA,NA,NA
"101","Kalakode CHCArea","2014-15",6,"3,405","2,776","1,986",81.5,58.3,"3,129","1,516",91.9,44.5,"2,756",80.9,"56","0",0,1.5,2,0,2,0,0,0,"0",0,NA,"1,461",42.9,"1,463",99.9,99.9,0.1,"0","829",56.7,NA,56.7,0,NA,NA,100,"1,463","2,836",100,193.8,"1,466",100.2,1,99.9,"1,466",100,"60",4.1
"102","Kulakkada CHCArea","2014-15",6,"2,299","1,982","1,137",86.2,49.5,"2,240","1,378",97.4,59.9,"2,307",100.3,"15","0",0,1.3,4,0,4,0,0,0,"0",0,NA,"327",14.2,"331",98.8,98.8,1.2,"0","177",54.1,NA,54.1,0,NA,NA,100,"331","1,826",100,551.7,"332",100.3,0,100,"329",99.1,"9",2.7
"103","Kulathupuzha CHCArea","2014-15",6,"905","780","538",86.2,59.4,"980","573",108.3,63.3,"902",99.7,"56","0",0,3.8,3,0,3,0,2,66.7,"0",0,NA,"218",24.1,"221",98.6,98.6,1.4,"0","117",53.7,NA,53.7,0,NA,NA,100,"221","837",100,378.7,"221",100,0,100,"220",99.5,"3",1.4
"104","Kundara CHCArea","2014-15",6,"1,589","1,337","931",84.1,58.6,"1,479","827",93.1,52,"1,585",99.7,"24","0",0,1.1,1,0,1,0,0,0,"0",0,NA,"0",0,"1",0,0,100,"0",NA,NA,NA,NA,NA,NA,NA,NA,"9","1,197",900,9700,"1",100,0,100,"1",100,"0",0
"105","Mynagappally CHCArea","2014-15",6,"2,642","2,344","1,576",88.7,59.7,"2,666","2,287",100.9,86.6,"2,598",98.3,"20","0",0,0.2,0,0,0,NA,0,NA,"0",0,NA,"1,231",46.6,"1,231",100,100,0,"0","635",51.6,NA,51.6,0,NA,NA,100,"1,231","2,857",100,232.1,"1,237",100.5,0,100,"1,237",100,"84",6.8
"106","Nedumoncavu CHCArea","2014-15",6,"2,189","1,817","1,063",83,48.6,"1,982","1,442",90.5,65.9,"2,197",100.4,"104","0",0,1.6,2,0,2,0,0,0,"0",0,NA,"1,123",51.3,"1,125",99.8,99.8,0.2,"0","662",58.9,NA,58.9,0,NA,NA,100,"1,125","2,329",100,207,"1,132",100.6,2,99.8,"1,132",100,"84",7.4
"107","Neendakara CHCArea","2014-15",6,NA,NA,NA,NA,NA,NA,NA,NA,NA,NA,NA,NA,NA,NA,NA,NA,NA,NA,NA,NA,NA,NA,NA,NA,NA,NA,NA,NA,NA,NA,NA,NA,NA,NA,NA,NA,NA,NA,NA,NA,NA,NA,NA,NA,NA,NA,NA,NA,NA,NA,NA
"108","Nilamel CHCArea","2014-15",6,"1,509","1,230","1,072",81.5,71,"1,450","485",96.1,32.1,"1,498",99.3,"36","0",0,1,4,0,4,0,0,0,"0",0,NA,"0",0,"4",0,0,100,"0",NA,NA,NA,NA,NA,NA,NA,NA,"4","1,298",100,2450,"4",100,0,100,"4",100,"2",50
"109","Oachira CHCArea","2014-15",6,"1,446","1,290","731",89.2,50.6,"1,427","2,240",98.7,154.9,"1,320",91.3,"51","0",0,2.4,0,0,0,NA,0,NA,"0",0,NA,"3,073",212.5,"3,073",100,100,0,"0","1,148",37.4,NA,37.4,0,NA,NA,100,"3,073","1,820",100,59.2,"3,092",100.6,4,99.9,"3,092",100,"112",3.6
"110","Palathara CHCArea","2014-15",6,"4,321","3,361","2,278",77.8,52.7,"3,703","2,360",85.7,54.6,"3,993",92.4,"161","0",0,1.1,3,0,3,0,0,0,"0",0,NA,"2,420",56,"2,423",99.9,99.9,0.1,"0","1,572",65,NA,65,0,NA,NA,100,"2,423","5,162",100,213,"2,433",100.4,4,99.8,"2,433",100,"115",4.7
"111","Pathanapuram CHCArea","2014-15",6,"2,180","1,803","1,030",82.7,47.2,"2,123","1,606",97.4,73.7,"2,117",97.1,"86","0",0,1.7,2,1,1,50,0,0,"0",0,NA,"618",28.3,"620",99.7,99.8,0.3,"0","294",47.6,NA,47.6,0,NA,NA,100,"621","1,922",100.2,310,"624",100.6,0,100,"624",100,"5",0.8
"112","Sooranadu CHCArea","2014-15",6,"2,206","1,891","1,202",85.7,54.5,"1,975","1,113",89.5,50.5,"2,057",93.2,"75","0",0,2,0,0,0,NA,0,NA,"0",0,NA,"438",19.9,"438",100,100,0,"0","183",41.8,NA,41.8,0,NA,NA,100,"438","1,935",100,441.8,"438",100,0,100,"438",100,"13",3
"113","THQH Kadakkal","2014-15",6,"69","60","68",87,98.6,"57","448",82.6,649.3,"243",352.2,"274","14",5.1,13,NA,NA,NA,NA,NA,NA,"462",0,0,"462",669.6,"462",100,100,0,"191",NA,41.3,41.3,NA,100,98.9,4.5,0,"462","197",100,42.6,"462",100,0,100,"462",100,"44",9.5
"114","THQH Karunagappally","2014-15",6,"84","54","45",64.3,53.6,"68","557",81,663.1,"79",94,"1","0",0,0,NA,NA,NA,NA,NA,NA,"1,325",0,0,"1,325",1577.4,"1,325",100,100,0,"572",NA,43.2,43.2,NA,100,93.5,11.8,0,"1,325","580",100,43.8,"1,337",100.9,1,99.9,"1,337",100,"142",10.6
"115","THQH Kottarakara","2014-15",6,"50","30","12",60,24,"54","827",108,1654,"579",1158,"6","61",1016.7,0,NA,NA,NA,NA,NA,NA,"1,517",0,0,"1,776",3552,"1,776",100,100,0,"878","228",62.3,57.9,88,85.4,89.5,0,14.6,"1,761","563",99.2,31.7,"1,777",100.1,3,99.8,"1,777",100,"168",9.5
"116","THQH Punalur","2014-15",6,"418","341","202",81.6,48.3,"403","1,908",96.4,456.5,"418",100,"92","10",10.9,13.9,NA,NA,NA,NA,NA,NA,"1,205",0,0,"3,011",720.3,"3,011",100,100,0,"320","999",43.8,26.6,55.3,40,83.6,0,60,"3,011","976",100,32.4,"3,031",100.7,2,99.9,"3,031",100,"165",5.4
"117","THQH Sasthamkottah","2014-15",6,NA,NA,NA,NA,NA,NA,NA,NA,NA,NA,NA,NA,NA,NA,NA,NA,NA,NA,NA,NA,NA,NA,NA,NA,NA,NA,NA,NA,NA,NA,NA,NA,NA,NA,NA,NA,NA,NA,NA,NA,NA,NA,NA,NA,NA,NA,NA,NA,NA,NA,NA
"118","Thekkumbhagam CHCArea","2014-15",6,"876","710","386",81.1,44.1,"835","856",95.3,97.7,"865",98.7,"14","0",0,0.5,0,0,0,NA,0,NA,"0",0,NA,"8",0.9,"8",100,100,0,"0","7",87.5,NA,87.5,0,NA,NA,100,"8","768",100,9600,"8",100,0,100,"8",100,"1",12.5
"119","Thrikkadavoor CHCArea","2014-15",6,"2,170","1,859","1,198",85.7,55.2,"2,121","803",97.7,37,"2,254",103.9,"19","0",0,1.2,3,0,3,0,0,0,"0",0,NA,"501",23.1,"504",99.4,99.4,0.6,"0","255",50.9,NA,50.9,0,NA,NA,100,"504","2,092",100,415.1,"503",99.8,1,99.8,"503",100,"30",6
"120","Velinalloor CHCArea","2014-15",6,"1,689","1,526","824",90.3,48.8,"1,718","893",101.7,52.9,"1,677",99.3,"18","0",0,0.7,0,0,0,NA,0,NA,"0",0,NA,"0",0,"0",NA,NA,NA,"0",NA,NA,NA,NA,NA,NA,NA,NA,"0","1,404",NA,NA,"0",NA,0,NA,"0",NA,"0",NA
"121","Women and Children Hospital Victoria Hl Kollam","2014-15",6,"889","751","625",84.5,70.3,"775","2,849",87.2,320.5,"1,322",148.7,"5,369","61",1.1,20.8,NA,NA,NA,NA,NA,NA,"5,610",0,0,"10,259",1154,"10,259",100,100,0,"3,014","3,118",59.8,53.7,67.1,54.7,60.2,0,45.3,"10,259","2,247",100,21.9,"10,352",100.9,27,99.7,"10,352",100,"1,236",11.9
"123","Arunootimangalam CHCArea","2014-15",7,"692","573","382",82.8,55.2,"628","232",90.8,33.5,"649",93.8,"16","0",0,0.6,0,0,0,NA,0,NA,"0",0,NA,"0",0,"0",NA,NA,NA,"0",NA,NA,NA,NA,NA,NA,NA,NA,"0","506",NA,NA,"0",NA,0,NA,"0",NA,"0",NA
"124","Athirampuzha BPHCArea","2014-15",7,"1,634","1,331","593",81.5,36.3,"1,520","345",93,21.1,"1,293",79.1,"2",NA,0,0,0,0,0,NA,0,NA,"0",0,NA,"0",0,"0",NA,NA,NA,"0",NA,NA,NA,NA,NA,NA,NA,NA,"0","1,191",NA,NA,"0",NA,0,NA,"0",NA,"0",NA
"125","Edamaruku CHCArea","2014-15",7,"1,768","1,512","882",85.5,49.9,"1,761","918",99.6,51.9,"1,513",85.6,"0","0",NA,0.2,1,0,1,0,0,0,"0",0,NA,"41",2.3,"42",97.6,97.6,2.4,"0","12",29.3,NA,29.3,0,NA,NA,100,"42","1,650",100,3928.6,"42",100,0,100,"42",100,"0",0
"126","Edayazham CHCArea","2014-15",7,"1,530","1,297","1,215",84.8,79.4,"1,445","602",94.4,39.3,"1,365",89.2,"50","0",0,0.3,0,0,0,NA,0,NA,"0",0,NA,"0",0,"0",NA,NA,NA,"0",NA,NA,NA,NA,NA,NA,NA,NA,"0","1,162",NA,NA,"0",NA,0,NA,"0",NA,"0",NA
"127","Edayirickapuzha CHCArea","2014-15",7,"1,257","1,056","560",84,44.6,"1,157","440",92,35,"1,100",87.5,"0","0",NA,0,0,0,0,NA,0,NA,"0",0,NA,"110",8.8,"110",100,100,0,"0","70",63.6,NA,63.6,0,NA,NA,100,"110","1,158",100,1052.7,"110",100,0,100,"110",100,"0",0
"128","Erumely CHCArea","2014-15",7,"2,376","1,777","1,283",74.8,54,"2,263","2,182",95.2,91.8,"2,379",100.1,"8","0",0,0.1,2,0,2,0,0,0,"0",0,NA,"1,985",83.5,"1,987",99.9,99.9,0.1,"0","761",38.3,NA,38.3,0,NA,NA,100,"1,987","2,041",100,102.7,"1,992",100.3,1,99.9,"1,992",100,"27",1.4
"129","GH Kanjirappally","2014-15",7,"38","33","24",86.8,63.2,"36","579",94.7,1523.7,"195",513.2,"563","0",0,60.5,0,0,0,NA,0,NA,"85",0,0,"770",2026.3,"770",100,100,0,"24","406",55.8,28.2,59.3,11,69.4,0,89,"770","742",100,96.4,"774",100.5,1,99.9,"774",100,"81",10.5
"130","General Hospital Changanassery","2014-15",7,"376","249","328",66.2,87.2,"292","655",77.7,174.2,"364",96.8,"28","0",0,2.4,0,0,0,NA,0,NA,"1,004",0,0,"2,169",576.9,"2,169",100,100,0,"481","565",48.2,47.9,48.5,46.3,46.2,0.5,53.7,"2,169","1,119",100,51.6,"2,182",100.6,0,100,"2,182",100,"87",4
"131","General Hospital Pala","2014-15",7,"189","150","187",79.4,98.9,"175","1,329",92.6,703.2,"719",380.4,"53","0",0,58.7,0,0,0,NA,0,NA,"820",1,0.1,"1,902",1006.3,"1,902",100,100,0,"346","566",47.9,42.2,52.3,43.1,105.1,72.3,56.9,"1,902","875",100,46,"1,904",100.1,3,99.8,"1,904",100,"73",3.8
"132","ICH Kottayam","2014-15",7,"0","0","0",NA,NA,"0","0",NA,NA,"0",NA,"0","0",NA,NA,NA,NA,NA,NA,NA,NA,"0",0,NA,"0",NA,"0",NA,NA,NA,"0",NA,NA,NA,NA,NA,NA,NA,NA,"0","0",NA,NA,"0",NA,0,NA,"0",NA,"0",NA
"133","KMCH Ettumanoor BPHCArea","2014-15",7,"486","375","228",77.2,46.9,"444","2,255",91.4,464,"256",52.7,"676","7",1,76.5,0,0,0,NA,0,NA,"0",0,NA,"3,967",816.3,"3,967",100,100,0,"0","1,595",40.2,NA,40.2,0,NA,NA,100,"3,967","3,456",100,87.1,"4,031",101.6,15,99.6,"4,031",100,"491",12.2
"134","Karukachal CHCArea","2014-15",7,"2,310","1,819","1,939",78.7,83.9,"2,214","1,179",95.8,51,"1,636",70.8,"10","0",0,0.2,2,1,1,50,1,50,"0",0,NA,"953",41.3,"955",99.8,99.9,0.2,"0","578",60.7,NA,60.7,0,NA,NA,100,"955","2,591",100,271.3,"963",100.8,0,100,"963",100,"44",4.6
"135","Koodalloor CHCArea","2014-15",7,"1,023","824","513",80.5,50.1,"921","472",90,46.1,"657",64.2,"74","0",0,10.2,0,0,0,NA,0,NA,"0",0,NA,"637",62.3,"637",100,100,0,"0","232",36.4,NA,36.4,0,NA,NA,100,"637","1,003",100,157.5,"645",101.3,5,99.2,"645",100,"75",11.6
"136","Kumarakom CHCArea","2014-15",7,"1,587","1,369","750",86.3,47.3,"1,446","821",91.1,51.7,"1,340",84.4,"7","0",0,0.3,0,0,0,NA,0,NA,"0",0,NA,"1,073",67.6,"1,073",100,100,0,"0","567",52.8,NA,52.8,0,NA,NA,100,"1,073","2,044",100,190.5,"1,076",100.3,0,100,"1,076",100,"58",5.4
"137","Medical College Hospital","2014-15",7,"62","34","62",54.8,100,"64","1,498",103.2,2416.1,"159",256.5,"216","11",5.1,574.2,NA,NA,NA,NA,NA,NA,"5,545",136,2.5,"5,545",8943.5,"5,545",100,100,0,"1,895",NA,34.2,34.2,NA,100,52,0,0,"5,545","1,937",100,34.9,"5,513",99.4,134,97.6,"5,513",100,"1,698",30.8
"138","Medical College Hospital Kottayam","2014-15",7,"516","340","321",65.9,62.2,"516","1,257",100,243.6,"809",156.8,"312","16",5.1,2.7,0,0,0,NA,0,NA,"1,492",23,1.5,"3,860",748.1,"3,860",100,100,0,"877","1,527",62.3,58.8,64.5,38.7,64.8,0,61.3,"3,860","2,012",100,52.1,"3,875",100.4,7,99.8,"3,875",100,"394",10.2
"139","Mundankunnu BPHCArea","2014-15",7,"966","813","616",84.2,63.8,"973","346",100.7,35.8,"903",93.5,"2",NA,0,0.4,0,0,0,NA,0,NA,"0",0,NA,"0",0,"0",NA,NA,NA,"0",NA,NA,NA,NA,NA,NA,NA,NA,"0","872",NA,NA,"0",NA,0,NA,"0",NA,"0",NA
"140","Paika Elikulam MC CHCArea","2014-15",7,"435","361","160",83,36.8,"451","264",103.7,60.7,"447",102.8,"3","0",0,0.2,1,0,1,0,1,100,"0",0,NA,"0",0,"1",0,0,100,"0",NA,NA,NA,NA,NA,NA,NA,NA,"1","372",100,7200,"1",100,0,100,"1",100,"0",0
"141","Panachikkadu BPHCArea","2014-15",7,"1,175","997","568",84.9,48.3,"1,097","387",93.4,32.9,"1,077",91.7,"3","0",0,0,1,0,1,0,0,0,"0",0,NA,"19",1.6,"20",95,95,5,"0","12",63.2,NA,63.2,0,NA,NA,100,"20","1,028",100,5140,"20",100,0,100,"20",100,"3",15
"142","THQH Kuravilangadu","2014-15",7,"0","0","0",NA,NA,"0","6",NA,NA,"0",NA,"0","0",NA,NA,NA,NA,NA,NA,NA,NA,"0",0,NA,"0",NA,"0",NA,NA,NA,"0",NA,NA,NA,NA,NA,NA,NA,NA,"0","0",NA,NA,"0",NA,0,NA,"0",NA,"0",NA
"143","THQH Pampady","2014-15",7,"38","26","12",68.4,31.6,"51","95",134.2,250,"147",386.8,"0","0",NA,0,0,0,0,NA,0,NA,"1",1,100,"1",2.6,"1",100,100,0,"0",NA,0,0,NA,100,0,0,0,"1","34",100,3400,"1",100,0,100,"1",100,"1",100
"144","THQH Vaikom","2014-15",7,"150","135","148",90,98.7,"147","371",98,247.3,"122",81.3,"1","0",0,0,0,0,0,NA,0,NA,"671",0,0,"708",472,"708",100,100,0,"401","35",61.6,59.8,94.6,94.8,34.9,0.3,5.2,"708","284",100,40.1,"710",100.3,0,100,"710",100,"43",6.1
"145","Thalayolaparambu CHCArea","2014-15",7,"1,077","877","680",81.4,63.1,"973","600",90.3,55.7,"1,031",95.7,"6","0",0,0,0,0,0,NA,0,NA,"0",0,NA,"493",45.8,"493",100,100,0,"0","287",58.2,NA,58.2,0,NA,NA,100,"493","1,379",100,279.7,"496",100.6,0,100,"496",100,"0",0
"146","Ullanad CHCArea","2014-15",7,"1,104","878","530",79.5,48,"1,043","889",94.5,80.5,"970",87.9,"10","0",0,0.6,0,0,0,NA,0,NA,"0",0,NA,"1,080",97.8,"1,080",100,100,0,"0","458",42.4,NA,42.4,0,NA,NA,100,"1,080","1,285",100,119,"1,080",100,0,100,"1,080",100,"57",5.3
"147","Uzhavoor Speciality BPHCArea","2014-15",7,"594","479","351",80.6,59.1,"564","281",94.9,47.3,"547",92.1,"7","0",0,0,0,0,0,NA,0,NA,"0",0,NA,"160",26.9,"160",100,100,0,"0","65",40.6,NA,40.6,0,NA,NA,100,"160","556",100,347.5,"159",99.4,1,99.4,"159",100,"20",12.6
"148","x","2014-15",7,NA,NA,NA,NA,NA,NA,NA,NA,NA,NA,NA,NA,NA,NA,NA,NA,NA,NA,NA,NA,NA,NA,NA,NA,NA,NA,NA,NA,NA,NA,NA,NA,NA,NA,NA,NA,NA,NA,NA,NA,NA,NA,NA,NA,NA,NA,NA,NA,NA,NA,NA
"150","Balussery CHC Area","2014-15",8,"2,110","1,761","1,694",83.5,80.3,"2,059","1,688",97.6,80,"2,028",96.1,"83","0",0,1.2,2,0,2,0,0,0,"0",0,NA,"419",19.9,"421",99.5,99.5,0.5,"0","105",25.1,NA,25.1,0,NA,NA,100,"421","1,606",100,381.5,"419",99.5,0,100,"419",100,"2",0.5
"151","Cheroopa BPHC Area","2014-15",8,"1,838","1,460","1,601",79.4,87.1,"1,459","1,207",79.4,65.7,"1,516",82.5,"218","0",0,0.7,0,0,0,NA,0,NA,"0",0,NA,"0",0,"0",NA,NA,NA,"0","0",NA,NA,NA,NA,NA,NA,NA,"0","1,581",NA,NA,"0",NA,0,NA,"0",NA,"0",NA
"152","Cheruvady BPHC Area","2014-15",8,"2,946","2,489","2,941",84.5,99.8,"2,756","1,438",93.6,48.8,"2,688",91.2,"150","0",0,1.9,3,0,3,0,0,0,"0",0,NA,"138",4.7,"141",97.9,97.9,2.1,"0","63",45.7,NA,45.7,0,NA,NA,100,"138","2,698",97.9,1913.5,"141",100,0,100,"141",100,"15",10.6
"153","Cheruvannoor BPHC Area","2014-15",8,"3,108","2,464","2,885",79.3,92.8,"2,941","2,913",94.6,93.7,"2,854",91.8,"506","0",0,2.7,0,0,0,NA,0,NA,"0",0,NA,"1,276",41.1,"1,276",100,100,0,"0","382",29.9,NA,29.9,0,NA,NA,100,"1,276","3,173",100,248.7,"1,276",100,0,100,"1,276",100,"7",0.5
"154","Govt Hospital Vatakara","2014-15",8,"995","577","995",58,100,"676","1,761",67.9,177,"993",99.8,"115","0",0,7.1,NA,NA,NA,NA,NA,NA,"107",0,0,"2,087",209.7,"2,087",100,100,0,"18","837",41,16.8,42.3,5.1,21.5,7.5,94.9,"2,088","1,787",100,85.6,"2,100",100.6,0,100,"2,100",100,"162",7.7
"155","Govt Hospital Koyilandy","2014-15",8,"157","134","157",85.4,100,"136","704",86.6,448.4,"114",72.6,"28","0",0,10.8,NA,NA,NA,NA,NA,NA,"79",0,0,"79",50.3,"79",100,100,0,"0","0",0,0,NA,100,81,0,0,"79","125",100,158.2,"79",100,0,100,"79",100,"5",6.3
"156","Kuttiyady CHC Area","2014-15",8,"4,223","3,459","2,612",81.9,61.9,"3,968","2,358",94,55.8,"4,075",96.5,"323","0",0,0.7,1,1,0,100,0,0,"841",0,0,"1,940",45.9,"1,941",99.9,100,0.1,"346","252",30.8,41.1,22.9,43.4,49,2.1,56.6,"1,859","3,697",95.8,190.5,"1,939",99.9,3,99.8,"1,939",100,"30",1.5
"157","Medical College Hospital Calicut","2014-15",8,"1,969","1,138","1,948",57.8,98.9,"1,470","3,325",74.7,168.9,"1,830",92.9,"298","24",8.1,6.6,NA,NA,NA,NA,NA,NA,"16,598",0,0,"29,245",1485.3,"29,245",100,100,0,"5,901","5,743",39.8,35.6,45.4,56.8,49.2,0,43.2,"30,035","7,662",102.7,26.2,"30,077",102.8,488,98.4,"30,077",100,"4,739",15.8
"158","Melady BPHC Area","2014-15",8,"2,831","2,436","2,798",86,98.8,"2,559","2,039",90.4,72,"2,661",94,"203","0",0,1.4,0,0,0,NA,0,NA,"0",0,NA,"1",0,"1",100,100,0,"0","0",0,NA,0,0,NA,NA,100,"1","2,296",100,9600,"1",100,0,100,"1",100,"0",0
"159","Mukkom CHC Area","2014-15",8,"2,584","2,175","1,970",84.2,76.2,"2,415","2,400",93.5,92.9,"2,504",96.9,"165","0",0,1,9,2,7,22.2,0,0,"2",0,0,"2,416",93.5,"2,425",99.6,99.7,0.4,"0","844",34.9,0,35,0.1,50,0,99.9,"2,476","4,337",102.1,178.8,"2,431",100.2,5,99.8,"2,431",100,"136",5.6
"160","Narikkunni CHC Area","2014-15",8,"6,048","4,704","5,827",77.8,96.3,"5,426","4,966",89.7,82.1,"5,672",93.8,"226","0",0,1.4,1,0,1,0,0,0,"1,357",75,5.5,"5,887",97.3,"5,888",100,100,0,"257","1,310",26.6,18.9,28.9,23.1,25.6,0,76.9,"4,393","5,699",74.6,96.8,"5,922",100.6,9,99.8,"5,922",100,"679",11.5
"161","Olavanna BPHC Area","2014-15",8,"2,646","2,164","2,640",81.8,99.8,"2,609","2,213",98.6,83.6,"2,492",94.2,"156","9",5.8,1.6,0,0,0,NA,0,NA,"0",0,NA,"2,451",92.6,"2,451",100,100,0,"0","867",35.4,NA,35.4,0,NA,NA,100,"2,232","2,500",91.1,102,"2,474",100.9,2,99.9,"2,474",100,"62",2.5
"162","Orkkattery CHC Area","2014-15",8,"2,135","1,735","2,128",81.3,99.7,"1,894","827",88.7,38.7,"2,076",97.2,"244","0",0,1.6,0,0,0,NA,0,NA,"0",0,NA,"0",0,"0",NA,NA,NA,"0","0",NA,NA,NA,NA,NA,NA,NA,"0","1,680",NA,NA,"0",NA,0,NA,"0",NA,"0",NA
"163","Perambra CHC Area","2014-15",8,"2,961","2,501","2,913",84.5,98.4,"2,580","1,816",87.1,61.3,"2,550",86.1,"358","0",0,1.4,1,0,1,0,0,0,"156",0,0,"156",5.3,"157",99.4,99.4,0.6,"0","0",0,0,NA,100,51.3,0,0,"137","2,456",87.3,1564.3,"156",99.4,1,99.4,"156",100,"23",14.7
"164","Thalakkulathur CHC Area","2014-15",8,"2,124","1,773","1,912",83.5,90,"1,942","1,189",91.4,56,"1,842",86.7,"160","0",0,0.9,0,0,0,NA,0,NA,"0",0,NA,"0",0,"0",NA,NA,NA,"0","0",NA,NA,NA,NA,NA,NA,NA,"0","954",NA,NA,"0",NA,0,NA,"0",NA,"0",NA
"165","Thiruvallur CHC Area","2014-15",8,"2,352","1,941","2,343",82.5,99.6,"2,322","1,323",98.7,56.3,"2,406",102.3,"159","0",0,1.2,0,0,0,NA,0,NA,"0",0,NA,"100",4.3,"100",100,100,0,"0","30",30,NA,30,0,NA,NA,100,"98","1,969",98,1969,"98",98,2,98,"98",100,"0",0
"166","Thiruvangoor BPHC Area","2014-15",8,"1,759","1,438","1,638",81.8,93.1,"1,591","887",90.4,50.4,"1,683",95.7,"115","0",0,0.4,0,0,0,NA,0,NA,"0",0,NA,"0",0,"0",NA,NA,NA,"0","0",NA,NA,NA,NA,NA,NA,NA,"0","1,283",NA,NA,"0",NA,0,NA,"0",NA,"0",NA
"167","Ulliyeri CHC Area","2014-15",8,"1,944","1,670","1,927",85.9,99.1,"1,836","1,007",94.4,51.8,"1,916",98.6,"123","0",0,1.1,0,0,0,NA,0,NA,"0",0,NA,"180",9.3,"180",100,100,0,"0","92",51.1,NA,51.1,0,NA,NA,100,"74","1,724",41.1,957.8,"179",99.4,3,98.4,"179",100,"25",14
"168","Valayam BPHC Area","2014-15",8,"2,370","1,935","2,328",81.6,98.2,"2,042","688",86.2,29,"2,376",100.3,"66","0",0,0.3,0,0,0,NA,0,NA,"0",0,NA,"0",0,"0",NA,NA,NA,"0","0",NA,NA,NA,NA,NA,NA,NA,"8","1,789",NA,NA,"0",NA,0,NA,"0",NA,"0",NA
"169","W and C Hospital Calicut","2014-15",8,"2,207","1,631","2,207",73.9,100,"2,147","4,701",97.3,213,"2,082",94.3,"258","22",8.5,6.5,NA,NA,NA,NA,NA,NA,"5,920",0,0,"10,362",469.5,"10,362",100,100,0,"2,554","2,607",49.8,43.1,58.7,57.1,100,0,42.9,"10,362","10,362",100,100,"10,428",100.6,8,99.9,"10,426",100,"703",6.7
"171","Chungathara BPHCArea","2014-15",9,"5,912","5,023","5,129",85,86.8,"5,267","2,988",89.1,50.5,"5,532",93.6,"851","9",1.1,0.3,49,0,49,0,3,6.1,"0",0,NA,"1,671",28.3,"1,720",97.2,97.2,2.8,"0","463",27.7,NA,27.7,0,NA,NA,100,"1,714","6,349",99.7,369.1,"1,717",99.8,4,99.8,"1,717",100,"151",8.8
"172","District Hospital Manjeri","2014-15",9,"2,100","1,359","1,191",64.7,56.7,"1,294","2,650",61.6,126.2,"2,060",98.1,"474","42",8.9,29.5,NA,NA,NA,NA,NA,NA,"4,138",0,0,"9,591",456.7,"9,591",100,100,0,"750","1,448",22.9,18.1,26.6,43.1,85.9,3.7,56.9,"9,251","3,065",96.5,32,"9,662",100.7,13,99.9,"9,662",100,"1,252",13
"173","Edavanna BPHCArea","2014-15",9,"5,350","4,637","4,541",86.7,84.9,"4,479","2,128",83.7,39.8,"5,171",96.7,"1,398","5",0.4,0.5,30,0,30,0,0,0,"126",0,0,"439",8.2,"469",93.6,93.6,6.4,"0","70",15.9,0,22.4,28.7,100.8,0,71.3,"463","4,187",98.7,892.8,"465",99.1,5,98.9,"465",100,"25",5.4
"174","Kondotty BPHCArea","2014-15",9,"5,454","4,351","3,545",79.8,65,"4,642","3,142",85.1,57.6,"7,664",140.5,"1,309","39",3,4.3,7,0,7,0,0,0,"0",0,NA,"4,922",90.2,"4,929",99.9,99.9,0.1,"0","749",15.2,NA,15.2,0,NA,NA,100,"4,900","5,598",99.4,113.6,"4,937",100.2,2,100,"4,937",100,"385",7.8
"175","Kuttippuram BPHCArea","2014-15",9,"5,238","4,168","1,318",79.6,25.2,"4,230","1,994",80.8,38.1,"4,650",88.8,"460","2",0.4,0.6,2,0,2,0,0,0,"0",0,NA,"3,323",63.4,"3,325",99.9,99.9,0.1,"0","1,137",34.2,NA,34.2,0,NA,NA,100,"3,324","5,694",100,171.2,"3,336",100.3,0,100,"3,336",100,"262",7.9
"176","Mankada BPHCArea","2014-15",9,"7,759","6,194","2,512",79.8,32.4,"6,672","4,008",86,51.7,"6,998",90.2,"685","23",3.4,0.7,12,0,12,0,0,0,"0",0,NA,"2,013",25.9,"2,025",99.4,99.4,0.6,"0","1,054",52.4,NA,52.4,0,NA,NA,100,"2,024","5,851",100,288.9,"2,030",100.2,34,98.4,"2,030",100,"334",16.5
"177","Marancherry BPHCArea","2014-15",9,"3,693","3,007","1,275",81.4,34.5,"3,288","1,828",89,49.5,"3,631",98.3,"336","0",0,1.5,0,0,0,NA,0,NA,"0",0,NA,"1,327",35.9,"1,327",100,100,0,"0","462",34.8,NA,34.8,0,NA,NA,100,"1,324","3,518",99.8,265.1,"1,329",100.2,3,99.8,"1,329",100,"100",7.5
"178","Melattur BPHCArea","2014-15",9,"5,800","5,005","1,943",86.3,33.5,"4,957","5,530",85.5,95.3,"9,078",156.5,"2,099","18",0.9,12,7,0,7,0,0,0,"0",0,NA,"4,661",80.4,"4,668",99.9,99.9,0.1,"0","2,630",56.4,NA,56.4,0,NA,NA,100,"4,668","7,164",100,153.5,"4,695",100.6,22,99.5,"4,695",100,"911",19.4
"179","Neduva BPHCArea","2014-15",9,"6,820","5,414","2,622",79.4,38.4,"5,943","6,133",87.1,89.9,"6,165",90.4,"254","0",0,0.3,11,0,11,0,5,45.5,"0",0,NA,"6,556",96.1,"6,567",99.8,99.8,0.2,"0","1,442",22,NA,22,0,NA,NA,100,"6,067","6,657",92.4,101.4,"6,630",101,3,100,"6,629",100,"689",10.4
"180","Ommannur BPHCArea","2014-15",9,"4,471","3,685","3,682",82.4,82.4,"3,989","2,403",89.2,53.7,"4,125",92.3,"546","6",1.1,0.5,7,1,6,14.3,0,0,"0",0,NA,"463",10.4,"470",98.5,98.7,1.5,"0","41",8.9,NA,8.9,0,NA,NA,100,"470","4,011",100,853.4,"470",100,3,99.4,"470",100,"27",5.7
"181","Pookottur BPHCArea","2014-15",9,"6,513","5,239","2,205",80.4,33.9,"5,647","8,332",86.7,127.9,"11,699",179.6,"991","0",0,5.2,16,3,13,18.8,0,0,"0",0,NA,"7,176",110.2,"7,192",99.8,99.8,0.2,"0","1,842",25.7,NA,25.7,0,NA,NA,100,"7,192","11,999",100,166.8,"7,224",100.4,60,99.2,"7,224",100,"1,146",15.9
"182","THQH Malappuram","2014-15",9,"1,010","558","194",55.2,19.2,"901","6,019",89.2,595.9,"1,610",159.4,"2,335","0",0,5.6,NA,NA,NA,NA,NA,NA,"1,234",0,0,"8,651",856.5,"8,651",100,100,0,"290","1,692",22.9,23.5,22.8,14.3,99.4,0.9,85.7,"8,651","1,771",100,20.5,"8,643",99.9,21,99.8,"8,643",100,"1,381",16
"183","THQH Nilambur","2014-15",9,"43","35","6",81.4,14,"67","2,008",155.8,4669.8,"1,492",3469.8,"2,147","33",1.5,120.9,NA,NA,NA,NA,NA,NA,"2,721",0,0,"2,983",6937.2,"2,983",100,100,0,"709","127",28,26.1,48.5,91.2,63.3,0,8.8,"2,983","78",100,2.6,"2,985",100.1,4,99.9,"2,985",100,"330",11.1
"184","THQH Perinthalmanna","2014-15",9,"78","65","0",83.3,0,"88","3,830",112.8,4910.3,"1,959",2511.5,"1,474","68",4.6,314.1,NA,NA,NA,NA,NA,NA,"2,457",0,0,"6,992",8964.1,"6,992",100,100,0,"1,203","1,126",33.3,49,24.8,35.1,96.1,0,64.9,"6,992","2,443",100,34.9,"7,008",100.2,12,99.8,"7,007",100,"417",6
"185","THQH Ponnani","2014-15",9,"1,147","750","1,008",65.4,87.9,"997","1,052",86.9,91.7,"979",85.4,"593","128",21.6,0.7,NA,NA,NA,NA,NA,NA,"1,636",0,0,"1,636",142.6,"1,636",100,100,0,"672",NA,41.1,41.1,NA,100,74.1,0,0,"1,636","695",100,42.5,"1,650",100.9,4,99.8,"1,650",100,"105",6.4
"186","THQH Thiruurangadi","2014-15",9,"168","126","43",75,25.6,"164","5,882",97.6,3501.2,"1,660",988.1,"822","6",0.7,413.7,NA,NA,NA,NA,NA,NA,"363",0,0,"9,288",5528.6,"9,288",100,100,0,"54","2,729",30,14.9,30.6,3.9,92.6,0,96.1,"9,756","7,501",105,80.8,"9,821",105.7,31,99.7,"9,821",100,"1,217",12.4
"187","THQH Tiruur","2014-15",9,"1,110","856","237",77.1,21.4,"1,058","327",95.3,29.5,"1,150",103.6,"158","18",11.4,1.4,NA,NA,NA,NA,NA,NA,"2,324",0,0,"2,324",209.4,"2,324",100,100,0,"972",NA,41.8,41.8,NA,100,10.1,0.3,0,"2,324","2,487",100,107,"2,328",100.2,5,99.8,"2,328",100,"110",4.7
"188","Thavanur BPHCArea","2014-15",9,"3,299","2,830","1,212",85.8,36.7,"2,934","1,580",88.9,47.9,"3,359",101.8,"83","7",8.4,2.5,0,0,0,NA,0,NA,"359",0,0,"4,148",125.7,"4,148",100,100,0,"197","1,584",42.9,54.9,41.8,8.7,144.6,0,91.3,"4,148","4,755",100,114.6,"4,201",101.3,84,98,"4,201",100,"948",22.6
"189","Valavannur BPHCArea","2014-15",9,"7,965","6,418","2,713",80.6,34.1,"6,587","2,281",82.7,28.6,"7,171",90,"333","0",0,0.2,27,0,27,0,0,0,"0",0,NA,"1,001",12.6,"1,028",97.4,97.4,2.6,"0","266",26.6,NA,26.6,0,NA,NA,100,"1,028","5,893",100,573.2,"1,031",100.3,2,99.8,"1,028",99.7,"133",12.9
"190","Vengara BPHCArea","2014-15",9,"8,065","6,327","977",78.5,12.1,"6,746","1,732",83.6,21.5,"7,010",86.9,"224","0",0,0.3,14,0,14,0,1,7.1,"0",0,NA,"1,251",15.5,"1,265",98.9,98.9,1.1,"0","143",11.4,NA,11.4,0,NA,NA,100,"1,263","6,448",99.8,509.7,"1,260",99.6,8,99.4,"1,260",100,"130",10.3
"191","Vettom BPHCArea","2014-15",9,"5,202","4,410","1,834",84.8,35.3,"3,748","1,541",72,29.6,"4,848",93.2,"1,264","3",0.2,4,2,0,2,0,0,0,"0",0,NA,"1,011",19.4,"1,013",99.8,99.8,0.2,"0","353",34.9,NA,34.9,0,NA,NA,100,"1,013","4,019",100,396.7,"1,025",101.2,8,99.2,"1,025",100,"124",12.1
"192","Wandoor BPHCArea","2014-15",9,"7,682","6,338","7,230",82.5,94.1,"6,623","6,008",86.2,78.2,"6,895",89.8,"905","0",0,3.3,11,1,10,9.1,1,9.1,"251",0,0,"4,202",54.7,"4,213",99.7,99.8,0.3,"0","1,087",25.9,0,27.5,6,74.1,0,94,"4,212","7,689",100,182.5,"4,230",100.4,5,99.9,"4,230",100,"423",10
"194","Agali CHCArea","2014-15",10,"1,136","819","1,093",72.1,96.2,"1,101","562",96.9,49.5,"1,073",94.5,"234","0",0,1.3,37,0,37,0,1,2.7,"6",3,50,"6",0.5,"43",14,14,86,"0",NA,0,0,NA,100,83.3,0,0,"37","907",86,2109.3,"41",95.3,1,97.6,"41",100,"20",48.8
"195","Alanellur CHCArea","2014-15",10,"6,273","4,524","3,047",72.1,48.6,"5,538","3,949",88.3,63,"5,682",90.6,"243","0",0,0.4,28,1,27,3.6,0,0,"0",0,NA,"5,308",84.6,"5,336",99.5,99.5,0.5,"0","1,631",30.7,NA,30.7,0,NA,NA,100,"5,333","6,271",99.9,117.5,"5,349",100.2,36,99.3,"5,347",100,"528",9.9
"196","Ambalappara CHCArea","2014-15",10,"2,209","1,667","819",75.5,37.1,"1,951","2,020",88.3,91.4,"2,052",92.9,"223","3",1.3,1.8,0,0,0,NA,0,NA,"0",0,NA,"3,800",172,"3,800",100,100,0,"0","1,006",26.5,NA,26.5,0,NA,NA,100,"3,800","5,700",100,150,"3,803",100.1,10,99.7,"3,802",100,"318",8.4
"197","Chalavara CHCArea","2014-15",10,"2,590","1,641","887",63.4,34.2,"2,237","1,306",86.4,50.4,"2,431",93.9,"95","0",0,0.3,0,0,0,NA,0,NA,"0",0,NA,"0",0,"0",NA,NA,NA,"0",NA,NA,NA,NA,NA,NA,NA,NA,"0","2,174",NA,NA,"0",NA,0,NA,"0",NA,"0",NA
"198","Chalissery CHCArea","2014-15",10,"3,574","2,634","1,290",73.7,36.1,"3,079","3,666",86.1,102.6,"4,366",122.2,"418","5",1.2,6,2,0,2,0,0,0,"0",6,NA,"2,254",63.1,"2,256",99.9,99.9,0.1,"0","498",22.1,NA,22.1,0,NA,NA,100,"2,252","2,584",99.8,114.5,"2,259",100.1,4,99.8,"2,248",99.5,"157",7
"199","District Hospital Palakkad","2014-15",10,"985","594","231",60.3,23.5,"1,353","899",137.4,91.3,"754",76.5,"1,270","66",5.2,26.5,NA,NA,NA,NA,NA,NA,"4,192",0,0,"12,238",1242.4,"12,238",100,100,0,"1,538","2,852",35.9,36.7,35.4,34.3,42,0,65.7,"12,244","10,590",100,86.5,"12,312",100.6,13,99.9,"12,312",100,"1,121",9.1
"200","Katampazhipuram CHCArea","2014-15",10,"2,945","2,454","1,476",83.3,50.1,"2,672","2,844",90.7,96.6,"2,814",95.6,"190","1",0.5,0.1,1,0,1,0,0,0,"0",0,NA,"1,179",40,"1,180",99.9,99.9,0.1,"0","350",29.7,NA,29.7,0,NA,NA,100,"1,180","1,955",100,165.7,"1,181",100.1,0,100,"1,178",99.7,"65",5.5
"201","Koduvayoor CHCArea","2014-15",10,"3,498","2,876","2,220",82.2,63.5,"3,338","2,813",95.4,80.4,"3,227",92.3,"212","0",0,0.2,11,0,11,0,0,0,"1",1,100,"378",10.8,"389",97.2,97.2,2.8,"0","173",45.8,0,45.9,0.3,0,0,99.7,"380","3,029",97.7,778.7,"389",100,0,100,"388",99.7,"68",17.5
"202","Kongad CHCArea","2014-15",10,"2,749","2,308","1,077",84,39.2,"2,369","1,765",86.2,64.2,"2,639",96,"628","0",0,1.3,2,0,2,0,0,0,"0",0,NA,"0",0,"2",0,0,100,"0",NA,NA,NA,NA,NA,NA,NA,NA,"2","1,917",100,5850,"2",100,0,100,"2",100,"1",50
"203","Koppam CHCArea","2014-15",10,"4,607","3,421","1,707",74.3,37.1,"3,587","4,776",77.9,103.7,"4,781",103.8,"1,466","0",0,0.8,2,0,2,0,0,0,"0",4,NA,"2,465",53.5,"2,467",99.9,99.9,0.1,"0","699",28.4,NA,28.4,0,NA,NA,100,"2,298","4,539",93.1,184,"2,474",100.3,2,99.9,"2,474",100,"262",10.6
"204","Kozhinjanpara CHC Area","2014-15",10,NA,NA,NA,NA,NA,NA,NA,NA,NA,NA,NA,NA,NA,NA,NA,NA,NA,NA,NA,NA,NA,NA,NA,NA,NA,NA,NA,NA,NA,NA,NA,NA,NA,NA,NA,NA,NA,NA,NA,NA,NA,NA,NA,NA,NA,NA,NA,NA,NA,NA,NA
"205","Kuzhalmannam CHCArea","2014-15",10,"3,182","2,537","1,402",79.7,44.1,"2,737","2,941",86,92.4,"2,747",86.3,"215","0",0,0.6,11,2,9,18.2,0,0,"2",5,250,"1,085",34.1,"1,096",99,99.2,1,"0","463",42.7,0,42.8,0.2,2150,0,99.8,"916","3,040",83.6,277.4,"1,114",101.6,5,99.6,"1,081",97,"211",19.5
"206","Nanniyode CHCArea","2014-15",10,"2,291","1,779","2,094",77.7,91.4,"1,948","1,751",85,76.4,"1,962",85.6,"64","0",0,0.3,6,0,6,0,1,16.7,"0",3,NA,"483",21.1,"489",98.8,98.8,1.2,"0","183",37.9,NA,37.9,0,NA,NA,100,"487","1,862",99.6,380.8,"488",99.8,1,99.8,"488",100,"61",12.5
"207","Nemmara CHCArea","2014-15",10,NA,NA,NA,NA,NA,NA,NA,NA,NA,NA,NA,NA,NA,NA,NA,NA,NA,NA,NA,NA,NA,NA,NA,NA,NA,NA,NA,NA,NA,NA,NA,NA,NA,NA,NA,NA,NA,NA,NA,NA,NA,NA,NA,NA,NA,NA,NA,NA,NA,NA,NA
"208","Parli CHCArea","2014-15",10,"1,677","1,374","949",81.9,56.6,"1,628","1,366",97.1,81.5,"1,328",79.2,"192","0",0,1.4,2,0,2,0,0,0,"0",0,NA,"47",2.8,"49",95.9,95.9,4.1,"0","21",44.7,NA,44.7,0,NA,NA,100,"39","1,398",79.6,2853.1,"51",104.1,0,100,"50",98,"8",16
"209","Pazhampalakkode CHCArea","2014-15",10,"2,719","2,338","1,313",86,48.3,"2,564","1,620",94.3,59.6,"2,509",92.3,"339","0",0,0.4,2,0,2,0,0,0,"0",0,NA,"1",0,"3",33.3,33.3,66.7,"0","0",0,NA,0,0,NA,NA,100,"5","2,450",166.7,1666.7,"3",100,0,100,"3",100,"0",0
"210","Shornur CHC Area","2014-15",10,NA,NA,NA,NA,NA,NA,NA,NA,NA,NA,NA,NA,NA,NA,NA,NA,NA,NA,NA,NA,NA,NA,NA,NA,NA,NA,NA,NA,NA,NA,NA,NA,NA,NA,NA,NA,NA,NA,NA,NA,NA,NA,NA,NA,NA,NA,NA,NA,NA,NA,NA
"211","THQH Alathoor","2014-15",10,"33","26","32",78.8,97,"28","623",84.8,1887.9,"154",466.7,"6","0",0,0,NA,NA,NA,NA,NA,NA,"993",79,8,"1,660",5030.3,"1,660",100,100,0,"277","196",28.5,27.9,29.4,59.8,0,0,40.2,"1,660","761",100,45.8,"1,662",100.1,3,99.8,"1,642",98.8,"204",12.4
"212","THQH Chittur","2014-15",10,"185","115","185",62.2,100,"157","156",84.9,84.3,"271",146.5,"9","2",22.2,0.5,NA,NA,NA,NA,NA,NA,"4",0,0,"4",2.2,"4",100,100,0,"0","0",0,0,NA,100,675,0,0,"5","0",125,0,"4",100,0,100,"4",100,"0",0
"213","THQH Mannarkkad","2014-15",10,"92","60","17",65.2,18.5,"79","265",85.9,288,"262",284.8,"74","13",17.6,2.2,NA,NA,NA,NA,NA,NA,"1,056",0,0,"1,208",1313,"1,208",100,100,0,"470","96",46.9,44.5,63.2,87.4,16.3,0,12.6,"1,208","491",100,40.6,"1,219",100.9,4,99.7,"1,219",100,"158",13
"214","THQH Ottappalam","2014-15",10,"49","27","8",55.1,16.3,"30","1,109",61.2,2263.3,"961",1961.2,"207","23",11.1,57.1,NA,NA,NA,NA,NA,NA,"1,469",0,0,"4,312",8800,"4,312",100,100,0,"511","951",33.9,34.8,33.5,34.1,14,0,65.9,"4,136","1,462",95.9,33.9,"4,337",100.6,1,100,"4,337",100,"480",11.1
"215","THQH Pattambi","2014-15",10,"0","0","0",NA,NA,"0","21",NA,NA,"21",NA,"10","0",0,NA,NA,NA,NA,NA,NA,NA,"0",0,NA,"0",NA,"0",NA,NA,NA,"0",NA,NA,NA,NA,NA,NA,NA,NA,"0","0",NA,NA,"0",NA,0,NA,"0",NA,"0",NA
"216","Vadakkencherry CHCArea","2014-15",10,"2,421","1,987","859",82.1,35.5,"2,220","1,435",91.7,59.3,"2,222",91.8,"150","0",0,0.2,6,0,6,0,0,0,"0",0,NA,"0",0,"6",0,0,100,"0","0",NA,NA,NA,NA,NA,NA,NA,"14","1,854",233.3,900,"6",100,0,100,"6",100,"1",16.7
"218","Chathenkery CHCArea","2014-15",11,"1,318","1,061","978",80.5,74.2,"1,291","915",98,69.4,"1,181",89.6,"62","0",0,1,0,0,0,NA,0,NA,"0",0,NA,"492",37.3,"492",100,100,0,"0","192",39,NA,39,0,NA,NA,100,"497","1,274",101,258.9,"494",100.4,0,100,"494",100,"44",8.9
"219","Dist Hosp Kozhencherry","2014-15",11,"31","20","31",64.5,100,"27","2,029",87.1,6545.2,"29",93.5,"1,475","4",0.3,138.7,NA,NA,NA,NA,NA,NA,"1,315",0,0,"2,805",9048.4,"2,805",100,100,0,"517","1,034",55.3,39.3,69.4,46.9,83.4,0,53.1,"2,805","2,805",100,100,"2,825",100.7,5,99.8,"2,825",100,"312",11
"220","Elanthoor CHCArea","2014-15",11,"1,191","979","1,049",82.2,88.1,"1,245","474",104.5,39.8,"1,158",97.2,"25","0",0,0.5,1,0,1,0,0,0,"0",0,NA,"0",0,"1",0,0,100,"0",NA,NA,NA,NA,NA,NA,NA,NA,"1","1,021",100,2100,"1",100,0,100,"1",100,"0",0
"221","Enadimangalam CHCArea","2014-15",11,"2,779","2,295","2,490",82.6,89.6,"2,532","2,321",91.1,83.5,"3,076",110.7,"520","1",0.2,3.9,3,1,2,33.3,0,0,"0",0,NA,"2,287",82.3,"2,290",99.9,99.9,0.1,"0","1,520",66.5,NA,66.5,0,NA,NA,100,"2,341","4,792",102.2,209.3,"2,367",103.4,7,99.7,"2,367",100,"436",18.4
"222","Ezhumattoor CHCArea","2014-15",11,"613","501","403",81.7,65.7,"590","291",96.2,47.5,"604",98.5,"10","0",0,0.5,0,0,0,NA,0,NA,"0",0,NA,"0",0,"0",NA,NA,NA,"0",NA,NA,NA,NA,NA,NA,NA,NA,"0","501",NA,NA,"0",NA,0,NA,"0",NA,"0",NA
"223","GH Adoor","2014-15",11,"52","38","52",73.1,100,"52","547",100,1051.9,"57",109.6,"369","4",1.1,103.8,NA,NA,NA,NA,NA,NA,"1,332",0,0,"1,332",2561.5,"1,332",100,100,0,"513",NA,38.5,38.5,NA,100,86.6,5.9,0,"1,332","1,268",100,95.2,"1,332",100,0,100,"1,332",100,"216",16.2
"224","General Hosp Pathanamthitta","2014-15",11,"307","213","307",69.4,100,"372","799",121.2,260.3,"461",150.2,"115","1",0.9,18.2,NA,NA,NA,NA,NA,NA,"1,410",0,0,"2,251",733.2,"2,251",100,100,0,"837","631",65.2,59.4,75,62.6,8.7,2.3,37.4,"2,251","2,104",100,93.5,"2,262",100.5,1,100,"2,262",100,"247",10.9
"225","Kanjeettukara CHCArea","2014-15",11,"603","486","500",80.6,82.9,"662","194",109.8,32.2,"581",96.4,"21","0",0,1.2,0,0,0,NA,0,NA,"0",0,NA,"11",1.8,"11",100,100,0,"0","3",27.3,NA,27.3,0,NA,NA,100,"8","587",72.7,5336.4,"11",100,0,100,"11",100,"1",9.1
"226","Konni CHCArea","2014-15",11,"1,717","1,384","1,713",80.6,99.8,"1,637","895",95.3,52.1,"1,541",89.7,"67","0",0,0.8,4,2,2,50,0,0,"0",0,NA,"101",5.9,"105",96.2,98.1,3.8,"0","63",62.4,NA,62.4,0,NA,NA,100,"104","1,526",99,1453.3,"105",100,0,100,"105",100,"6",5.7
"227","Kunnanthanam BPHC Area","2014-15",11,"1,347","1,104","1,343",82,99.7,"1,260","615",93.5,45.7,"1,321",98.1,"50",NA,0,1.3,1,0,1,0,0,0,"0",0,NA,"0",0,"1",0,0,100,"0",NA,NA,NA,NA,NA,NA,NA,NA,"1","1,205",100,500,"1",100,0,100,"1",100,"1",100
"228","THQH Tiruvalla","2014-15",11,"230","167","107",72.6,46.5,"227","198",98.7,86.1,"227",98.7,"137",NA,0,0,NA,NA,NA,NA,NA,NA,"407",NA,0,"3,755",1632.6,"3,755",100,100,0,"188","1,742",51.4,46.2,52,10.8,103.9,0,89.2,"3,755","3,755",100,100,"3,796",101.1,21,99.4,"3,796",100,"407",10.7
"229","Thumpamon CHCArea","2014-15",11,"741","581","613",78.4,82.7,"717","1,285",96.8,173.4,"871",117.5,"193","0",0,8.9,1,0,1,0,0,0,"0",0,NA,"1,704",230,"1,705",99.9,99.9,0.1,"0","1,022",60,NA,60,0,NA,NA,100,"1,705","2,234",100,131,"1,723",101.1,7,99.6,"1,723",100,"222",12.9
"230","Vallana CHCArea","2014-15",11,"689","553","449",80.3,65.2,"671","441",97.4,64,"658",95.5,"29","0",0,1.2,0,0,0,NA,0,NA,"0",0,NA,"21",3,"21",100,100,0,"0","15",71.4,NA,71.4,0,NA,NA,100,"18","591",85.7,2814.3,"21",100,0,100,"21",100,"0",0
"231","Vechoochira CHCArea","2014-15",11,"2,039","1,742","1,901",85.4,93.2,"1,944","1,265",95.3,62,"1,946",95.4,"55","0",0,0.6,13,1,12,7.7,5,38.5,"69",0,0,"323",15.8,"336",96.1,96.4,3.9,"21","197",67.5,30.4,77.6,21.4,71,0,78.6,"351","1,766",104.5,525.6,"337",100.3,0,100,"336",99.7,"33",9.8
"233","Anchuthengu CHCArea","2014-15",12,"1,331","1,110","983",83.4,73.9,"1,283","438",96.4,32.9,"1,274",95.7,"28","0",0,0.8,2,0,2,0,1,50,"0",0,NA,"0",0,"2",0,0,100,"0",NA,NA,NA,NA,NA,NA,NA,NA,"10","1,004",500,200,"2",100,0,100,"2",100,"0",0
"234","Ayurveda College Hospital For Women and Children P","2014-15",12,"80","31","15",38.8,18.8,"48","37",60,46.3,"80",100,"2","0",0,0,NA,NA,NA,NA,NA,NA,"0",0,NA,"532",665,"532",100,100,0,"0","286",53.8,NA,53.8,0,NA,NA,100,"439","360",82.5,67.7,"532",100,0,100,"532",100,"38",7.1
"235","CHC Attingal","2014-15",12,"389","265","260",68.1,66.8,"306","668",78.7,171.7,"204",52.4,"0","0",NA,0,NA,NA,NA,NA,NA,NA,"0",0,NA,"1,431",367.9,"1,431",100,100,0,"0","548",38.3,NA,38.3,0,NA,NA,100,"1,439","0",100.6,0,"1,449",101.3,0,100,"1,449",100,"75",5.2
"236","CHC Fort Hospital","2014-15",12,"373","224","321",60.1,86.1,"294","899",78.8,241,"406",108.8,"46","0",0,5.9,NA,NA,NA,NA,NA,NA,"0",13,NA,"2,054",550.7,"2,054",100,100,0,"0","961",46.8,NA,46.8,0,NA,NA,100,"2,359","1,244",114.8,60.6,"2,367",115.2,1,100,"2,367",100,"90",3.8
"237","CHC Nemom","2014-15",12,"118","84","85",71.2,72,"114","105",96.6,89,"119",100.8,"0","0",NA,0,NA,NA,NA,NA,NA,NA,"0",0,NA,"0",0,"0",NA,NA,NA,"0",NA,NA,NA,NA,NA,NA,NA,NA,"0","0",NA,NA,"0",NA,0,NA,"0",NA,"0",NA
"238","CHC Palode","2014-15",12,"13","10","11",76.9,84.6,"11","46",84.6,353.8,"12",92.3,"0","0",NA,0,NA,NA,NA,NA,NA,NA,"0",0,NA,"0",0,"0",NA,NA,NA,"0",NA,NA,NA,NA,NA,NA,NA,NA,"0","6",NA,NA,"0",NA,0,NA,"0",NA,"0",NA
"239","CHC Varkala","2014-15",12,"479","340","301",71,62.8,"376","1,103",78.5,230.3,"441",92.1,"132","36",27.3,6.1,NA,NA,NA,NA,NA,NA,"0",0,NA,"295",61.6,"295",100,100,0,"0","155",52.5,NA,52.5,0,NA,NA,100,"925","925",313.6,313.6,"922",312.5,1,99.9,"922",100,"84",9.1
"240","District Model Hospital Peroorkada","2014-15",12,"32","25","26",78.1,81.3,"55","866",171.9,2706.3,"78",243.8,"70","0",0,287.5,NA,NA,NA,NA,NA,NA,"871",1,0.1,"2,057",6428.1,"2,057",100,100,0,"292","715",49,33.5,60.3,42.3,65.7,0,57.7,"1,957","451",95.1,21.9,"2,056",100,4,99.8,"2,056",100,"100",4.9
"241","General Hospital Thiruvananthapuram","2014-15",12,"0","0","0",NA,NA,"0","0",NA,NA,"0",NA,"0","0",NA,NA,NA,NA,NA,NA,NA,NA,"0",0,NA,"0",NA,"0",NA,NA,NA,"0",NA,NA,NA,NA,NA,NA,NA,NA,"0","0",NA,NA,"0",NA,0,NA,"0",NA,"0",NA
"242","Kallara CHCArea","2014-15",12,"1,165","999","887",85.8,76.1,"1,129","583",96.9,50,"1,298",111.4,"23","0",0,1,2,0,2,0,0,0,"0",0,NA,"0",0,"2",0,0,100,"0",NA,NA,NA,NA,NA,NA,NA,NA,"0","1,020",0,1000,"2",100,0,100,"2",100,"1",50
"243","Kanyakulangara CHCArea","2014-15",12,"2,056","1,706","1,557",83,75.7,"1,849","658",89.9,32,"1,884",91.6,"13","0",0,0.1,0,0,0,NA,0,NA,"225",0,0,"225",10.9,"225",100,100,0,"36",NA,16,16,NA,100,93.3,0,0,"241","1,599",107.1,710.7,"206",91.6,0,100,"206",100,"21",10.2
"244","Kesavapuram CHC Area","2014-15",12,"3,044","2,724","2,940",89.5,96.6,"2,886","1,165",94.8,38.3,"2,889",94.9,"27","0",0,0.4,4,1,3,25,0,0,"0",0,NA,"128",4.2,"132",97,97.7,3,"0","49",38.3,NA,38.3,0,NA,NA,100,"78","2,683",59.1,2032.6,"132",100,0,100,"131",99.2,"2",1.5
"245","MCH Unit Pangappara","2014-15",12,NA,NA,NA,NA,NA,NA,NA,NA,NA,NA,NA,NA,NA,NA,NA,NA,NA,NA,NA,NA,NA,NA,NA,NA,NA,NA,NA,NA,NA,NA,NA,NA,NA,NA,NA,NA,NA,NA,NA,NA,NA,NA,NA,NA,NA,NA,NA,NA,NA,NA,NA
"246","Manamboor CHC Area","2014-15",12,"3,600","2,628","1,604",73,44.6,"3,207","923",89.1,25.6,"3,334",92.6,"91","0",0,1.7,5,1,4,20,1,20,"0",0,NA,"304",8.4,"309",98.4,98.7,1.6,"0","139",45.7,NA,45.7,0,NA,NA,100,"307","3,199",99.4,1035.3,"309",100,1,99.7,"309",100,"6",1.9
"247","Perumkadavilla CHC Area","2014-15",12,"1,662","1,417","1,194",85.3,71.8,"1,508","615",90.7,37,"1,571",94.5,"37","0",0,1.2,0,0,0,NA,0,NA,"0",0,NA,"0",0,"0",NA,NA,NA,"0",NA,NA,NA,NA,NA,NA,NA,NA,"0","1,446",NA,NA,"0",NA,0,NA,"0",NA,"0",NA
"248","Poonthura CHC Area","2014-15",12,"1,518","1,081","1,503",71.2,99,"1,334","358",87.9,23.6,"1,365",89.9,"54","0",0,0.6,0,0,0,NA,0,NA,"0",0,NA,"2,203",145.1,"2,203",100,100,0,"0","1,097",49.8,NA,49.8,0,NA,NA,100,"2,036","1,266",92.4,57.5,"2,201",99.9,2,99.9,"2,201",100,"171",7.8
"249","Poovar CHC Area","2014-15",12,"2,530","2,148","1,549",84.9,61.2,"2,212","1,068",87.4,42.2,"1,908",75.4,"71","0",0,0.3,0,0,0,NA,0,NA,"0",0,NA,"63",2.5,"63",100,100,0,"0","0",0,NA,0,0,NA,NA,100,"59","2,440",93.7,3873,"63",100,0,100,"63",100,"2",3.2
"250","Pulluvilla CHC Area","2014-15",12,"737","634","701",86,95.1,"802","351",108.8,47.6,"741",100.5,"56","0",0,1.5,0,0,0,NA,0,NA,"0",0,NA,"45",6.1,"45",100,100,0,"0","43",95.6,NA,95.6,0,NA,NA,100,"45","720",100,1600,"45",100,0,100,"45",100,"0",0
"251","Puthenthope CHC Area","2014-15",12,"2,885","2,332","1,165",80.8,40.4,"2,700","967",93.6,33.5,"2,633",91.3,"42","0",0,0.4,1,1,0,100,0,0,"0",0,NA,"439",15.2,"440",99.8,100,0.2,"0","147",33.5,NA,33.5,0,NA,NA,100,"411","2,707",93.4,615.2,"441",100.2,0,100,"441",100,"41",9.3
"252","SAT Hospital Thiruvananthapuram","2014-15",12,"49","38","22",77.6,44.9,"2,909","4,307",5936.7,8789.8,"15",30.6,"4,281","20",0.5,2187.8,NA,NA,NA,NA,NA,NA,"9,950",0,0,"15,297",1218.4,"15,297",100,100,0,"3,948","2,814",44.2,39.7,52.6,65,24.5,0,35,"15,301","14,914",100,97.5,"15,330",100.2,320,98,"15,330",100,"3,371",22
"253","Taluk Hospital Chirayinkeezhu","2014-15",12,"45","36","31",80,68.9,"41","1,151",91.1,2557.8,"783",1740,"0","0",NA,133.3,NA,NA,NA,NA,NA,NA,"2,009",28,1.4,"2,009",4464.4,"2,009",100,100,0,"576",NA,28.7,28.7,NA,100,33.5,0,0,"2,005","1,981",99.8,98.6,"2,012",100.1,3,99.9,"2,012",100,"250",12.4
"254","Taluk Hospital Nedumangadu","2014-15",12,"630","446","630",70.8,100,"343","1,720",54.4,273,"1,895",300.8,"874","18",2.1,5.9,NA,NA,NA,NA,NA,NA,"1,894",0,0,"2,397",380.5,"2,397",100,100,0,"749","257",42,39.5,51.1,79,53.3,0,21,"2,397","2,397",100,100,"2,404",100.3,1,100,"2,404",100,"158",6.6
"255","Taluk Hospital Neyyattinkara","2014-15",12,"355","229","276",64.5,77.7,"233","1,653",65.6,465.6,"534",150.4,"0","0",NA,0,NA,NA,NA,NA,NA,NA,"1,279",0,0,"1,801",507.3,"1,801",100,100,0,"474","231",39.1,37.1,44.3,71,78.1,0,29,"1,801","257",100,14.3,"1,802",100.1,2,99.9,"1,802",100,"266",14.8
"256","Taluk Hospital Parassala","2014-15",12,"184","158","123",85.9,66.8,"1,146","700",622.8,380.4,"1,143",621.2,"1,073","24",2.2,0,NA,NA,NA,NA,NA,NA,"841",0,0,"841",457.1,"841",100,100,0,"306",NA,36.4,36.4,NA,100,68.4,0,0,"841","841",100,100,"841",100,0,100,"841",100,"16",1.9
"257","Vakkom CHC Area","2014-15",12,"1,096","946","476",86.3,43.4,"930","323",84.9,29.5,"955",87.1,"17","0",0,0.8,0,0,0,NA,0,NA,"0",0,NA,"360",32.8,"360",100,100,0,"0","218",60.6,NA,60.6,0,NA,NA,100,"214","897",59.4,249.2,"360",100,1,99.7,"360",100,"9",2.5
"258","Vamanapuram BPHC Area","2014-15",12,"1,508","1,264","1,173",83.8,77.8,"1,516","1,122",100.5,74.4,"1,530",101.5,"50","0",0,1.8,0,0,0,NA,0,NA,"0",0,NA,"1,197",79.4,"1,197",100,100,0,"0","418",34.9,NA,34.9,0,NA,NA,100,"1,201","1,388",100.3,116,"1,198",100.1,2,99.8,"1,198",100,"160",13.4
"259","Vellanad CHC Area","2014-15",12,"3,164","1,952","1,174",61.7,37.1,"2,088","1,053",66,33.3,"1,989",62.9,"324","0",0,0.5,1,0,1,0,0,0,"0",0,NA,"329",10.4,"330",99.7,99.7,0.3,"0","194",59,NA,59,0,NA,NA,100,"330","2,138",100,647.9,"334",101.2,0,100,"334",100,"1",0.3
"260","Vellarada CHC Area","2014-15",12,"1,303","1,090","1,016",83.7,78,"1,166","1,165",89.5,89.4,"1,198",91.9,"18","0",0,0.6,1,0,1,0,0,0,"2",0,0,"1,023",78.5,"1,024",99.9,99.9,0.1,"0","393",38.4,0,38.5,0.2,50,0,99.8,"1,028","2,265",100.4,221.2,"1,026",100.2,0,100,"1,026",100,"1",0.1
"261","Venpakal CHC Area","2014-15",12,"750","640","743",85.3,99.1,"713","241",95.1,32.1,"722",96.3,"29","2",6.9,1.1,0,0,0,NA,0,NA,"0",0,NA,"90",12,"90",100,100,0,"0","22",24.4,NA,24.4,0,NA,NA,100,"77","789",85.6,876.7,"91",101.1,0,100,"91",100,"2",2.2
"262","Vilappil CHC Area","2014-15",12,"3,814","3,264","2,750",85.6,72.1,"3,437","2,255",90.1,59.1,"3,570",93.6,"42","0",0,0.2,0,0,0,NA,0,NA,"0",0,NA,"0",0,"0",NA,NA,NA,"0",NA,NA,NA,NA,NA,NA,NA,NA,"0","3,462",NA,NA,"0",NA,0,NA,"0",NA,"0",NA
"263","Vithura CHC Area","2014-15",12,"1,393","1,135","1,093",81.5,78.5,"1,240","724",89,52,"1,503",107.9,"27","0",0,0.2,3,1,2,33.3,0,0,"5",0,0,"11",0.8,"14",78.6,85.7,21.4,"0","1",9.1,0,16.7,45.5,0,0,54.5,"9","1,221",64.3,8721.4,"14",100,0,100,"14",100,"0",0
"264","Vizhinjam CHC Area","2014-15",12,"1,655","1,267","1,062",76.6,64.2,"1,514","503",91.5,30.4,"1,512",91.4,"11","0",0,0.8,0,0,0,NA,0,NA,"0",0,NA,"20",1.2,"20",100,100,0,"0","1",5,NA,5,0,NA,NA,100,"20","1,455",100,7275,"20",100,0,100,"20",100,"0",0
"265","Women and Children s Hospital Thycadu","2014-15",12,"75","35","75",46.7,100,"47","3,763",62.7,5017.3,"2,233",2977.3,"5,622","26",0.5,540,NA,NA,NA,NA,NA,NA,"6,599",0,0,"8,494",1325.3,"8,494",100,100,0,"2,196","1,035",38,33.3,54.6,77.7,36,0,22.3,"8,494","7,039",100,82.9,"8,531",100.4,20,99.8,"8,531",100,"921",10.8
"267","Alapad CHCArea","2014-15",13,"1,459","1,195","581",81.9,39.8,"1,336","494",91.6,33.9,"1,590",109,"5","0",0,0.1,0,0,0,NA,0,NA,"0",0,NA,"49",3.4,"49",100,100,0,"0","32",65.3,NA,65.3,0,NA,NA,100,"49","903",100,1842.9,"49",100,0,100,"49",100,"4",8.2
"268","Aloor BPHCArea","2014-15",13,"1,556","1,287","688",82.7,44.2,"1,524","645",97.9,41.5,"1,526",98.1,"11","0",0,0,1,0,1,0,0,0,"0",0,NA,"830",53.3,"831",99.9,99.9,0.1,"0","164",19.8,NA,19.8,0,NA,NA,100,"759","1,905",91.3,229.2,"826",99.4,6,99.3,"826",100,"51",6.2
"269","Anandapuram CHCArea","2014-15",13,"1,583","1,237","629",78.1,39.7,"1,559","1,448",98.5,91.5,"1,130",71.4,"23","0",0,0.8,0,0,0,NA,0,NA,"0",0,NA,"1,770",111.8,"1,770",100,100,0,"0","889",50.2,NA,50.2,0,NA,NA,100,"1,770","1,427",100,80.6,"1,781",100.6,1,99.9,"1,781",100,"151",8.5
"270","Chelakkara CHCArea","2014-15",13,NA,NA,NA,NA,NA,NA,NA,NA,NA,NA,NA,NA,NA,NA,NA,NA,NA,NA,NA,NA,NA,NA,NA,NA,NA,NA,NA,NA,NA,NA,NA,NA,NA,NA,NA,NA,NA,NA,NA,NA,NA,NA,NA,NA,NA,NA,NA,NA,NA,NA,NA
"271","Cherpu CHCArea","2014-15",13,NA,NA,NA,NA,NA,NA,NA,NA,NA,NA,NA,NA,NA,NA,NA,NA,NA,NA,NA,NA,NA,NA,NA,NA,NA,NA,NA,NA,NA,NA,NA,NA,NA,NA,NA,NA,NA,NA,NA,NA,NA,NA,NA,NA,NA,NA,NA,NA,NA,NA,NA
"272","Elinjipra CHCArea","2014-15",13,"1,237","1,049","424",84.8,34.3,"1,212","383",98,31,"1,192",96.4,"1","0",0,0,2,0,2,0,0,0,"0",0,NA,"0",0,"2",0,0,100,"0",NA,NA,NA,NA,NA,NA,NA,NA,"2","1,089",100,4450,"2",100,0,100,"2",100,"1",50
"273","Erumapetty CHCArea","2014-15",13,"3,484","2,815","1,391",80.8,39.9,"3,196","3,169",91.7,91,"3,054",87.7,"4","0",0,0,1,0,1,0,0,0,"0",0,NA,"214",6.1,"215",99.5,99.5,0.5,"0","77",36,NA,36,0,NA,NA,100,"215","2,727",100,1268.4,"216",100.5,0,100,"216",100,"10",4.6
"274","GH Irinjalakuda","2014-15",13,"424","206","29",48.6,6.8,"238","345",56.1,81.4,"132",31.1,"5","1",20,0,NA,NA,NA,NA,NA,NA,"489",0,0,"602",142,"602",100,100,0,"292","78",61.5,59.7,69,81.2,72.2,0,18.8,"602","339",100,56.3,"605",100.5,0,100,"604",99.8,"106",17.5
"275","GH THRISSUR","2014-15",13,"362","187","48",51.7,13.3,"424","2,567",117.1,709.1,"430",118.8,"874","1",0.1,53.6,NA,NA,NA,NA,NA,NA,"2,892",0,0,"8,935",2468.2,"8,935",100,100,0,"979","2,349",37.2,33.9,38.9,32.4,50.4,0,67.6,"8,935","8,935",100,100,"9,007",100.8,48,99.5,"9,007",100,"1,145",12.7
"276","Kadappuram CHCArea","2014-15",13,"1,500","1,156","617",77.1,41.1,"1,555","1,330",103.7,88.7,"1,426",95.1,"0","0",NA,0.6,1,0,1,0,0,0,"0",0,NA,"7",0.5,"8",87.5,87.5,12.5,"0","5",71.4,NA,71.4,0,NA,NA,100,"8","1,365",100,7062.5,"8",100,0,100,"8",100,"0",0
"277","Madavana CHCArea","2014-15",13,"1,542","1,344","542",87.2,35.1,"1,470","743",95.3,48.2,"1,341",87,"4","0",0,0,1,0,1,0,0,0,"0",0,NA,"479",31.1,"480",99.8,99.8,0.2,"0","268",55.9,NA,55.9,0,NA,NA,100,"480","1,452",100,302.5,"485",101,1,99.8,"485",100,"13",2.7
"278","Mambra BPHCArea","2014-15",13,"1,122","943","366",84,32.6,"1,088","314",97,28,"1,095",97.6,"0",NA,NA,0,0,0,0,NA,0,NA,"0",0,NA,"73",6.5,"73",100,100,0,"0","62",84.9,NA,84.9,0,NA,NA,100,"145","973",198.6,1332.9,"75",102.7,1,98.7,"75",100,"1",1.3
"279","Mattathur CHCArea","2014-15",13,"2,914","2,606","982",89.4,33.7,"2,776","1,572",95.3,53.9,"2,456",84.3,"377","17",4.5,1.3,1,0,1,0,0,0,"0",0,NA,"740",25.4,"741",99.9,99.9,0.1,"0","492",66.5,NA,66.5,0,NA,NA,100,"741","2,478",100,334.4,"745",100.5,4,99.5,"745",100,"72",9.7
"280","Mullasserry CHCArea","2014-15",13,"1,465","1,235","531",84.3,36.2,"1,526","792",104.2,54.1,"1,315",89.8,"8","1",12.5,0.5,1,0,1,0,0,0,"0",0,NA,"67",4.6,"68",98.5,98.5,1.5,"0","51",76.1,NA,76.1,0,NA,NA,100,"67","1,445",98.5,2125,"69",101.5,0,100,"69",100,"5",7.2
"281","Ollur CHCArea","2014-15",13,"2,632","2,030","743",77.1,28.2,"2,636","1,488",100.2,56.5,"1,643",62.4,"5","0",0,0.1,0,0,0,NA,0,NA,"0",0,NA,"1,722",65.4,"1,722",100,100,0,"0","667",38.7,NA,38.7,0,NA,NA,100,"1,722","4,047",100,235,"1,732",100.6,9,99.5,"1,732",100,"152",8.8
"282","Pamboor BPHCArea","2014-15",13,"896","648","413",72.3,46.1,"799","430",89.2,48,"874",97.5,"2",NA,0,0,1,0,1,0,0,0,"2,234",0,0,"2,234",249.3,"2,235",100,100,0,"985",NA,44.1,44.1,NA,100,4.3,0,0,"2,235","818",100,36.6,"2,235",100,0,100,"2,235",100,"142",6.4
"283","Pazhanji CHCArea","2014-15",13,"2,687","2,226","937",82.8,34.9,"2,406","2,192",89.5,81.6,"2,293",85.3,"4","0",0,0.1,0,0,0,NA,0,NA,"0",0,NA,"5,847",217.6,"5,847",100,100,0,"0","2,216",37.9,NA,37.9,0,NA,NA,100,"5,847","2,428",100,41.5,"5,844",99.9,3,99.9,"5,844",100,"206",3.5
"284","Perinjanam CHCArea","2014-15",13,"2,458","2,149","938",87.4,38.2,"2,462","961",100.2,39.1,"1,639",66.7,"0","0",NA,0,0,0,0,NA,0,NA,"0",0,NA,"357",14.5,"357",100,100,0,"0","143",40.1,NA,40.1,0,NA,NA,100,"357","2,217",100,621,"361",101.1,0,100,"361",100,"22",6.1
"285","Puthenchira CHCArea","2014-15",13,"701","643","258",91.7,36.8,"679","236",96.9,33.7,"644",91.9,"3","0",0,0.4,0,0,0,NA,0,NA,"0",0,NA,"401",57.2,"401",100,100,0,"0","285",71.1,NA,71.1,0,NA,NA,100,"401","817",100,203.7,"408",101.7,0,100,"408",100,"46",11.3
"286","TH Kunnamkulam","2014-15",13,"133","110","54",82.7,40.6,"260","1,073",195.5,806.8,"997",749.6,"155","26",16.8,27.8,NA,NA,NA,NA,NA,NA,"174",0,0,"1,169",878.9,"1,169",100,100,0,"79","739",70,45.4,74.3,14.9,52.9,0,85.1,"1,169","5,095",100,435.8,"1,172",100.3,5,99.6,"1,172",100,"126",10.8
"287","THQH Chalakudy","2014-15",13,"322","147","110",45.7,34.2,"214","1,621",66.5,503.4,"1,559",484.2,"0","0",NA,7.8,NA,NA,NA,NA,NA,NA,"286",0,0,"3,342",1037.9,"3,342",100,100,0,"152","1,738",56.6,53.1,56.9,8.6,83.2,3.8,91.4,"3,342","2,663",100,79.7,"3,348",100.2,4,99.9,"3,345",99.9,"399",11.9
"288","THQH Chavakkad","2014-15",13,"653","334","534",51.1,81.8,"552","337",84.5,51.6,"538",82.4,"751","24",3.2,0,NA,NA,NA,NA,NA,NA,"631",0,0,"1,423",217.9,"1,423",100,100,0,"335","415",52.7,53.1,52.4,44.3,59,7.4,55.7,"1,423","959",100,67.4,"1,427",100.3,2,99.9,"1,427",100,"176",12.3
"289","THQH Kodungallur","2014-15",13,"189","108","171",57.1,90.5,"183","2,150",96.8,1137.6,"541",286.2,"593","64",10.8,51.3,NA,NA,NA,NA,NA,NA,"1,221",0,0,"5,116",2706.9,"5,116",100,100,0,"615","1,951",50.2,50.4,50.1,23.9,89,10.6,76.1,"5,116","2,494",100,48.7,"5,145",100.6,8,99.8,"5,145",100,"359",7
"290","THQH Wadakanchery","2014-15",13,"151","91","151",60.3,100,"162","135",107.3,89.4,"146",96.7,"221","0",0,0,NA,NA,NA,NA,NA,NA,"518",0,0,"971",643,"971",100,100,0,"195","198",40.5,37.6,43.7,53.3,58.7,0,46.7,"971","394",100,40.6,"976",100.5,0,100,"976",100,"71",7.3
"291","Thiruvilwamala CHCArea","2014-15",13,"2,571","2,047","1,356",79.6,52.7,"2,396","1,384",93.2,53.8,"2,235",86.9,"371","0",0,2.7,4,0,4,0,0,0,"0",0,NA,"640",24.9,"644",99.4,99.4,0.6,"0","267",41.7,NA,41.7,0,NA,NA,100,"644","3,016",100,468.3,"648",100.6,2,99.7,"648",100,"43",6.6
"292","Tholur CHCArea","2014-15",13,"1,986","1,576","557",79.4,28,"1,682","1,307",84.7,65.8,"1,718",86.5,"10","0",0,0,0,0,0,NA,0,NA,"0",1,NA,"4,898",246.6,"4,898",100,100,0,"0","1,387",28.3,NA,28.3,0,NA,NA,100,"4,898","4,064",100,83,"4,927",100.6,0,100,"4,927",100,"227",4.6
"293","Vadakkekad CHCArea","2014-15",13,"1,498","861","592",57.5,39.5,"1,289","267",86,17.8,"1,380",92.1,"0","0",NA,0,1,0,1,0,0,0,"0",0,NA,"219",14.6,"220",99.5,99.5,0.5,"0","76",34.7,NA,34.7,0,NA,NA,100,"220","367",100,166.8,"222",100.9,0,100,"222",100,"38",17.1
"294","Vatanapilly CHCArea","2014-15",13,"1,829","1,309","822",71.6,44.9,"1,514","2,000",82.8,109.3,"3,871",211.6,"142","3",2.1,0.2,1,0,1,0,0,0,"0",0,NA,"731",40,"732",99.9,99.9,0.1,"0","302",41.3,NA,41.3,0,NA,NA,100,"732","1,903",100,260,"739",101,0,100,"739",100,"58",7.8
"295","Vellangallur CHCArea","2014-15",13,"994","783","431",78.8,43.4,"993","484",99.9,48.7,"1,006",101.2,"0","0",NA,0,0,0,0,NA,0,NA,"0",0,NA,"392",39.4,"392",100,100,0,"0","196",50,NA,50,0,NA,NA,100,"392","943",100,240.6,"395",100.8,0,100,"395",100,"14",3.5
"296","Vellanikkara CHCArea","2014-15",13,"2,055","1,511","763",73.5,37.1,"1,563","867",76.1,42.2,"857",41.7,"0","0",NA,0,0,0,0,NA,0,NA,"0",0,NA,"0",0,"0",NA,NA,NA,"0",NA,NA,NA,NA,NA,NA,NA,NA,"0","1,667",NA,NA,"0",NA,0,NA,"0",NA,"0",NA
"297","Vilvattom BPHCArea","2014-15",13,"657","450","279",68.5,42.5,"662","547",100.8,83.3,"441",67.1,"24","5",20.8,1.1,0,0,0,NA,0,NA,"0",0,NA,"1,603",244,"1,603",100,100,0,"0","640",39.9,NA,39.9,0,NA,NA,100,"1,603","1,472",100,91.8,"1,609",100.4,1,99.9,"1,609",100,"57",3.5
"299","CHC MEENANGADY","2014-15",14,"3,281","2,797","2,228",85.2,67.9,"3,197","1,618",97.4,49.3,"3,090",94.2,"940","10",1.1,4.5,30,4,26,13.3,1,3.3,"1,385",0,0,"2,343",71.4,"2,373",98.7,98.9,1.3,"449","329",33.2,32.4,34.3,59.1,94.5,1.2,40.9,"2,377","4,037",100.2,170.1,"2,381",100.3,12,99.5,"2,380",100,"362",15.2
"300","CHC MEPPADY","2014-15",14,"1,915","1,705","1,400",89,73.1,"1,781","2,682",93,140.1,"1,997",104.3,"480","33",6.9,19.7,13,0,13,0,0,0,"284",0,0,"3,922",204.8,"3,935",99.7,99.7,0.3,"58","895",24.3,20.4,24.6,7.2,93,13.4,92.8,"4,225","2,508",107.4,63.7,"4,450",113.1,17,99.6,"4,446",99.9,"478",10.8
"301","CHC PORUNNANORE","2014-15",14,"4,522","3,640","3,473",80.5,76.8,"4,488","2,476",99.2,54.8,"4,656",103,"1,663","2",0.1,1.6,101,3,98,3,3,3,"0",0,NA,"0",0,"101",0,3,100,"0","0",NA,NA,NA,NA,NA,NA,NA,"100","2,237",99,2214.9,"99",98,5,95.2,"98",99,"47",48
"302","CHC PULPALLY","2014-15",14,"2,783","2,349","1,731",84.4,62.2,"2,761","1,046",99.2,37.6,"2,503",89.9,"953","2",0.2,1.9,79,6,73,7.6,3,3.8,"5",0,0,"28",1,"107",26.2,31.8,73.8,"0","6",21.4,0,26.1,17.9,3100,440,82.1,"118","1,556",110.3,1454.2,"102",95.3,5,95.3,"101",99,"25",24.8
"303","CHC THARIYODE","2014-15",14,"1,625","1,485","1,141",91.4,70.2,"1,576","844",97,51.9,"1,649",101.5,"518","0",0,0.6,17,2,15,11.8,0,0,"0",0,NA,"0",0,"17",0,11.8,100,"0","0",NA,NA,NA,NA,NA,NA,NA,"34","926",200,5447.1,"17",100,0,100,"17",100,"6",35.3
"304","MANANTHAVADY","2014-15",14,"112","89","90",79.5,80.4,"119","827",106.3,738.4,"130",116.1,"922","118",12.8,25.9,0,0,0,NA,0,NA,"1,849",0,0,"2,536",2264.3,"2,536",100,100,0,"357","197",21.8,19.3,28.7,72.9,73.5,0,27.1,"2,413","751",95.1,29.6,"2,530",99.8,12,99.5,"2,524",99.8,"584",23.1
"305","SULTHAN BATHERY","2014-15",14,"55","46","8",83.6,14.5,"56","2,018",101.8,3669.1,"51",92.7,"347","10",2.9,40,0,0,0,NA,0,NA,"801",0,0,"3,158",5741.8,"3,158",100,100,0,"227","993",38.6,28.3,42.1,25.4,20.5,0,74.6,"3,156","979",99.9,31,"3,183",100.8,11,99.7,"3,182",100,"516",16.2
"306","THQH VYTHIRI","2014-15",14,"50","48","41",96,82,"48","466",96,932,"154",308,"168","9",5.4,56,0,0,0,NA,0,NA,"623",0,0,"1,144",2288,"1,144",100,100,0,"142","139",24.6,22.8,26.7,54.5,20.2,0,45.5,"1,149","298",100.4,26,"1,145",100.1,3,99.7,"1,145",100,"123",10.7
"23","Ambalapuzha BPHCArea","2015-16",1,"1727","1538","1724",89.1,99.8,"1643","1113",95.1,64.4,"1320",76.4,"71",NA,0,2.4,1,1,0,100,0,0,"0",0,NA,"101",5.8,"102",99,100,1,"0","49",48.5,NA,48.5,0,NA,NA,100,"70","1603",68.6,1571.6,"102",100,0,100,"98",96.1,"7",7.1
"310","Arookutty CHCArea","2015-16",1,"1374","1216","1042",88.5,75.8,"1265","494",92.1,36,"122",8.9,"31","0",0,0.3,1,0,1,0,0,0,"0",0,NA,"0",0,"1",0,0,100,"0",NA,NA,NA,NA,NA,NA,NA,NA,"0","1169",0,6900,"1",100,0,100,"1",100,"1",100
"410","Chempumpuram CHCArea","2015-16",1,"1239","1028","1018",83,82.2,"1256","656",101.4,52.9,"1108",89.4,"14","0",0,1,4,1,3,25,0,0,"0",0,NA,"117",9.4,"121",96.7,97.5,3.3,"0","50",42.7,NA,42.7,0,NA,NA,100,"119","1213",98.3,1002.5,"122",100.8,0,100,"122",100,"18",14.8
"53","Chettikkad CHCArea","2015-16",1,"1629","1505","1628",92.4,99.9,"1584","856",97.2,52.5,"1131",69.4,"8","0",0,0,2,0,2,0,0,0,"0",0,NA,"0",0,"2",0,0,100,"0",NA,NA,NA,NA,NA,NA,NA,NA,"1","1451",50,2550,"3",150,0,100,"3",100,"1",33.3
"66","Chunakara CHCArea","2015-16",1,"1992","1708","883",85.7,44.3,"2043","1470",102.6,73.8,"2164",108.6,"13","0",0,0.6,1,1,0,100,0,0,"0",0,NA,"776",39,"777",99.9,100,0.1,"0","491",63.3,NA,63.3,0,NA,NA,100,"721","1990",92.8,256.1,"783",100.8,2,99.7,"783",100,"8",1
"710","Kurathikad CHC Area","2015-16",1,"1381","1071","750",77.6,54.3,"1345","426",97.4,30.8,"368",26.6,"3","0",0,0.1,0,0,0,NA,0,NA,"0",0,NA,"0",0,"0",NA,NA,NA,"0",NA,NA,NA,NA,NA,NA,NA,NA,"0","1293",NA,NA,"0",NA,0,NA,"0",NA,"0",NA
"87","Medical College Hospital Alappuzha","2015-16",1,"549","376","499",68.5,90.9,"471","293",85.8,53.4,"3780",688.5,"66","0",0,13.3,0,0,0,NA,0,NA,"0",0,NA,"339",61.7,"339",100,100,0,"0","191",56.3,NA,56.3,0,NA,NA,100,"273","276",80.5,81.4,"340",100.3,1,99.7,"340",100,"28",8.2
"97","Muhama CHC Area","2015-16",1,"1870","1677","1220",89.7,65.2,"1674","1789",89.5,95.7,"1369",73.2,"102","1",1,0.9,0,0,0,NA,0,NA,"0",0,NA,"2035",108.8,"2035",100,100,0,"0","1275",62.7,NA,62.7,0,NA,NA,100,"1694","2509",83.2,123.3,"2067",101.6,1,100,"2067",100,"374",18.1
"1010","Muthukulam CHC Area","2015-16",1,"2018","1714","1004",84.9,49.8,"1861","811",92.2,40.2,"214",10.6,"11","0",0,0.7,0,0,0,NA,0,NA,"0",0,NA,"0",0,"0",NA,NA,NA,"0",NA,NA,NA,NA,NA,NA,NA,NA,"0","1801",NA,NA,"0",NA,0,NA,"0",NA,"0",NA
"1110","PP Unit Alappuzha","2015-16",1,"0","0","0",NA,NA,"0","0",NA,NA,"0",NA,"2","16",800,NA,NA,NA,NA,NA,NA,NA,"4456",0,0,"4456",NA,"4456",100,100,0,"1619",NA,36.3,36.3,NA,100,49.8,0,0,"4165","1830",93.5,41.1,"4526",101.6,1,100,"4526",100,"886",19.6
"122","Pandanad CHC Area","2015-16",1,"1792","1416","949",79,53,"1707","1454",95.3,81.1,"446",24.9,"2","0",0,0.3,0,0,0,NA,0,NA,"0",0,NA,"621",34.7,"621",100,100,0,"0","400",64.4,NA,64.4,0,NA,NA,100,"483","2017",77.8,324.8,"622",100.2,0,100,"622",100,"69",11.1
"1310","THQH Chenganoor","2015-16",1,"189","136","142",72,75.1,"195","301",103.2,159.3,"636",336.5,"41","0",0,11.6,NA,NA,NA,NA,NA,NA,"364",0,0,"574",303.7,"574",100,100,0,"172","142",54.7,47.3,67.6,63.4,57.1,0,36.6,"477","256",83.1,44.6,"578",100.7,1,99.8,"578",100,"70",12.1
"149","THQH Cherthala","2015-16",1,"408","352","165",86.3,40.4,"529","997",129.7,244.4,"54",13.2,"253","0",0,0.7,NA,NA,NA,NA,NA,NA,"1053",0,0,"2235",547.8,"2235",100,100,0,"536","671",54,50.9,56.8,47.1,43.2,0,52.9,"499","553",22.3,24.7,"2245",100.4,3,99.9,"2245",100,"150",6.7
"1510","THQH Haripad","2015-16",1,"31","19","18",61.3,58.1,"34","93",109.7,300,"32",103.2,"59","0",0,35.5,NA,NA,NA,NA,NA,NA,"913",0,0,"913",2945.2,"913",100,100,0,"679",NA,74.4,74.4,NA,100,0.1,2.2,0,"913","679",100,74.4,"914",100.1,0,100,"914",100,"62",6.8
"1610","THQH Kayamkulam","2015-16",1,"714","484","454",67.8,63.6,"654","2208",91.6,309.2,"2446",342.6,"4","1",25,0.3,0,0,0,NA,0,NA,"472",0,0,"3057",428.2,"3057",100,100,0,"296","1008",42.7,62.7,39,15.4,50.4,3.6,84.6,"3254","1888",106.4,61.8,"3294",107.8,0,100,"3293",100,"420",12.8
"1710","THQH Mavelikkara","2015-16",1,"291","199","93",68.4,32,"273","919",93.8,315.8,"126",43.3,"88","0",0,72.5,NA,NA,NA,NA,NA,NA,"410",0,0,"1197",411.3,"1197",100,100,0,"268","533",66.9,65.4,67.7,34.3,21,0.2,65.7,"1075","993",89.8,83,"1210",101.1,1,99.9,"1210",100,"103",8.5
"1810","THQH Pulinkunnu","2015-16",1,"48","37","41",77.1,85.4,"44","44",91.7,91.7,"57",118.8,"3","0",0,0,NA,NA,NA,NA,NA,NA,"0",0,NA,"0",0,"0",NA,NA,NA,"0",NA,NA,NA,NA,NA,NA,NA,NA,"0","33",NA,NA,"0",NA,0,NA,"0",NA,"0",NA
"193","Thrikkunnapuzha CHC Area","2015-16",1,"1917","1653","1383",86.2,72.1,"1809","2368",94.4,123.5,"1440",75.1,"339","5",1.5,5.4,0,0,0,NA,0,NA,"0",4,NA,"333",17.4,"333",100,100,0,"0","234",70.3,NA,70.3,0,NA,NA,100,"353","1793",106,538.4,"335",100.6,1,99.7,"335",100,"11",3.3
"2010","Thuravoor CHC Area","2015-16",1,"2378","2097","1604",88.2,67.5,"2194","1080",92.3,45.4,"2006",84.4,"27","0",0,0.5,0,0,0,NA,0,NA,"0",0,NA,"1",0,"1",100,100,0,"0",NA,0,NA,0,0,NA,NA,100,"0","2002",0,200,"1",100,0,100,"1",100,"0",0
"217","Veliyanad CHC Area","2015-16",1,"952","821","611",86.2,64.2,"929","573",97.6,60.2,"910",95.6,"5","0",0,1.1,1,0,1,0,0,0,"0",0,NA,"0",0,"1",0,0,100,"0",NA,NA,NA,NA,NA,NA,NA,NA,"0","926",0,2600,"1",100,0,100,"1",100,"0",0
"2210","W and C Hospital Alappuzha","2015-16",1,"1311","974","1258",74.3,96,"1680","959",128.1,73.2,"871",66.4,"1705","30",1.8,22,0,0,0,NA,0,NA,"1802",0,0,"1802",137.5,"1802",100,100,0,"962",NA,53.4,53.4,NA,100,69.8,0.2,0,"1813","2898",100.6,160.8,"1803",100.1,0,100,"1803",100,"110",6.1
"2410","Ankamaly BPHCArea","2015-16",2,"1,543","1,287","375",83.4,24.3,"1,277","1,088",82.8,70.5,"765",49.6,"3","0",0,0.3,1,1,0,100,0,0,"0",0,NA,"1,930",125.1,"1,931",99.9,100,0.1,"0","1,271",65.9,NA,65.9,0,NA,NA,100,"1,931","1,267",100,65.6,"1,936",100.3,0,100,"1,936",100,"133",6.9
"2510","Chengamanad CHCArea","2015-16",2,"1,841","1,545","511",83.9,27.8,"1,583","774",86,42,"1,604",87.1,"166","0",0,1.4,0,0,0,NA,0,NA,"0",0,NA,"350",19,"350",100,100,0,"0","213",60.9,NA,60.9,0,NA,NA,100,"350","1,990",100,568.6,"355",101.4,1,99.7,"355",100,"58",16.3
"266","Cheranalloor BPHCArea","2015-16",2,"1,864","1,102","238",59.1,12.8,"1,681","868",90.2,46.6,"1,418",76.1,"4","0",0,0.2,1,0,1,0,0,0,"0",0,NA,"1,276",68.5,"1,277",99.9,99.9,0.1,"0","795",62.3,NA,62.3,0,NA,NA,100,"1,277","2,894",100,226.6,"1,342",105.1,22,98.4,"1,342",100,"278",20.7
"2710","Ezhikkara CHCArea","2015-16",2,"1,763","1,521","493",86.3,28,"1,583","1,064",89.8,60.4,"1,394",79.1,"5","0",0,0.3,0,0,0,NA,0,NA,"0",0,NA,"0",0,"0",NA,NA,NA,"0","0",NA,NA,NA,NA,NA,NA,NA,"0","1,593",NA,NA,"0",NA,0,NA,"0",NA,"0",NA
"2810","GH Ernakulam","2015-16",2,"2,960","1,714","184",57.9,6.2,"2,635","5,838",89,197.2,"3,306",111.7,"976","49",5,3.1,0,0,0,NA,1,NA,"2,403",0,0,"7,636",258,"7,636",100,100,0,"1,169","2,884",53.1,48.6,55.1,31.5,35.5,0,68.5,"7,636","7,741",100,101.4,"7,663",100.4,27,99.6,"7,663",100,"888",11.6
"298","Kalady CHCArea","2015-16",2,"1,161","955","335",82.3,28.9,"979","218",84.3,18.8,"478",41.2,"6","0",0,0.3,0,0,0,NA,0,NA,"0",0,NA,"14",1.2,"14",100,100,0,"0","8",57.1,NA,57.1,0,NA,NA,100,"16","1,090",114.3,7785.7,"14",100,0,100,"14",100,"1",7.1
"307","Keechery CHCArea","2015-16",2,"1,711","1,408","439",82.3,25.7,"1,531","486",89.5,28.4,"1,046",61.1,"5","0",0,0.2,1,0,1,0,0,0,"0",0,NA,"264",15.4,"265",99.6,99.6,0.4,"0","160",60.6,NA,60.6,0,NA,NA,100,"265","1,575",100,594.3,"265",100,0,100,"265",100,"6",2.3
"311","Kumbalangi CHCArea","2015-16",2,"789","729","409",92.4,51.8,"769","339",97.5,43,"246",31.2,"3","0",0,0.8,0,0,0,NA,0,NA,"0",0,NA,"0",0,"0",NA,NA,NA,"0","0",NA,NA,NA,NA,NA,NA,NA,"0","711",NA,NA,"0",NA,0,NA,"0",NA,"0",NA
"321","Malayidamthuruth BPHCArea","2015-16",2,"3,334","2,909","581",87.3,17.4,"2,947","761",88.4,22.8,"3,570",107.1,"13","0",0,0.2,2,0,2,0,0,0,"0",0,NA,"1,194",35.8,"1,196",99.8,99.8,0.2,"0","639",53.5,NA,53.5,0,NA,NA,100,"1,196","3,423",100,286.2,"1,201",100.4,2,99.8,"1,201",100,"90",7.5
"331","Malippuram CHCArea","2015-16",2,"2,204","1,967","1,040",89.2,47.2,"2,069","786",93.9,35.7,"1,921",87.2,"17","0",0,0.1,1,1,0,100,0,0,"0",0,NA,"140",6.4,"141",99.3,100,0.7,"0","94",67.1,NA,67.1,0,NA,NA,100,"141","1,708",100,1211.3,"142",100.7,0,100,"142",100,"12",8.5
"341","Nettoor BPHCArea","2015-16",2,"881","756","181",85.8,20.5,"907","223",103,25.3,"902",102.4,"19","0",0,1.2,0,0,0,NA,0,NA,"0",0,NA,"250",28.4,"250",100,100,0,"0","158",63.2,NA,63.2,0,NA,NA,100,"250","774",100,309.6,"253",101.2,1,99.6,"253",100,"32",12.6
"351","Pallarimangalam BPHCArea","2015-16",2,"959","812","415",84.7,43.3,"934","741",97.4,77.3,"365",38.1,"11","0",0,0.7,0,0,0,NA,0,NA,"0",0,NA,"99",10.3,"99",100,100,0,"0","61",61.6,NA,61.6,0,NA,NA,100,"99","862",100,870.7,"101",102,0,100,"101",100,"7",6.9
"361","Pampakkuda BPHCArea","2015-16",2,"852","715","311",83.9,36.5,"833","529",97.8,62.1,"628",73.7,"9","0",0,0,0,0,0,NA,0,NA,"0",0,NA,"292",34.3,"292",100,100,0,"0","120",41.1,NA,41.1,0,NA,NA,100,"292","802",100,274.7,"293",100.3,2,99.3,"293",100,"25",8.5
"371","Pandappilly BPHCArea","2015-16",2,"1,978","1,604","733",81.1,37.1,"1,791","1,305",90.5,66,"896",45.3,"335","72",21.5,2,0,0,0,NA,0,NA,"0",0,NA,"919",46.5,"919",100,100,0,"0","679",73.9,NA,73.9,0,NA,NA,100,"919","1,701",100,185.1,"1,035",112.6,3,99.7,"1,035",100,"400",38.6
"381","Pizhala BPHCArea","2015-16",2,"850","561","119",66,14,"690","112",81.2,13.2,"44",5.2,"8","0",0,0.2,0,0,0,NA,0,NA,"0",0,NA,"0",0,"0",NA,NA,NA,"0",NA,NA,NA,NA,NA,NA,NA,NA,"0","506",NA,NA,"0",NA,0,NA,"0",NA,"0",NA
"391","Ramamangalam BPHCArea","2015-16",2,"604","528","198",87.4,32.8,"593","256",98.2,42.4,"428",70.9,"2","0",0,0.2,0,0,0,NA,0,NA,"0",0,NA,"50",8.3,"50",100,100,0,"0","35",70,NA,70,0,NA,NA,100,"50","527",100,1054,"50",100,0,100,"50",100,"1",2
"401","THQH Aluva","2015-16",2,"184","123","2",66.8,1.1,"162","2,878",88,1564.1,"366",198.9,"272","0",0,26.6,0,0,0,NA,0,NA,"1,912",16,0.8,"4,981",2707.1,"4,981",100,100,0,"1,373","1,433",56.3,71.8,46.7,38.4,49.4,0,61.6,"4,976","4,081",99.9,81.9,"5,006",100.5,14,99.7,"5,006",100,"647",12.9
"411","THQH Kochi","2015-16",2,"135","103","24",76.3,17.8,"119","271",88.1,200.7,"162",120,"20","0",0,0,0,0,0,NA,0,NA,"130",0,0,"362",268.1,"362",100,100,0,"76","194",74.6,58.5,83.6,35.9,64.6,0,64.1,"362","251",100,69.3,"362",100,0,100,"362",100,"14",3.9
"421","THQH Kothamangalam","2015-16",2,"372","290","98",78,26.3,"361","1,905",97,512.1,"523",140.6,"36","0",0,5.1,0,0,0,NA,0,NA,"169",0,0,"2,790",750,"2,790",100,100,0,"112","970",38.8,66.3,37,6.1,87,0,93.9,"2,790","344",100,12.3,"2,804",100.5,11,99.6,"2,804",100,"138",4.9
"431","THQH Muvatupuzha","2015-16",2,"360","279","141",77.5,39.2,"394","1,197",109.4,332.5,"697",193.6,"236","1",0.4,54.4,0,0,0,NA,0,NA,"1,296",125,9.6,"2,462",683.9,"2,462",100,100,0,"971","884",75.3,74.9,75.8,52.6,9.7,0,47.4,"2,462","2,296",100,93.3,"2,533",102.9,1,100,"2,533",100,"361",14.3
"441","THQH N Paravur","2015-16",2,"282","230","37",81.6,13.1,"251","732",89,259.6,"232",82.3,"344","15",4.4,13.5,1,0,1,0,1,100,"521",0,0,"1,847",655,"1,848",99.9,99.9,0.1,"311","889",65,59.7,67,28.2,52.4,0,71.8,"1,848","1,701",100,92,"1,858",100.5,4,99.8,"1,858",100,"116",6.2
"451","THQH Perumbavoor","2015-16",2,"300","230","54",76.7,18,"290","985",96.7,328.3,"934",311.3,"221","0",0,3.3,1,1,0,100,0,0,"244",1,0.4,"1,500",500,"1,501",99.9,100,0.1,"118","787",60.3,48.4,62.7,16.3,73,0,83.7,"1,501","249",100,16.6,"1,504",100.2,1,99.9,"1,504",100,"91",6.1
"461","THQH Piravom","2015-16",2,"0","0","0",NA,NA,"0","55",NA,NA,"0",NA,"0","0",NA,NA,NA,NA,NA,NA,NA,NA,"0",0,NA,"0",NA,"0",NA,NA,NA,"0",NA,NA,NA,NA,NA,NA,NA,NA,"0","0",NA,NA,"0",NA,0,NA,"0",NA,"0",NA
"471","THQH Tripunitura","2015-16",2,"550","377","153",68.5,27.8,"488","1,468",88.7,266.9,"672",122.2,"61","9",14.8,8.7,0,0,0,NA,1,NA,"355",0,0,"1,643",298.7,"1,643",100,100,0,"204","822",62.4,57.5,63.8,21.6,78.6,0,78.4,"1,643","746",100,45.4,"1,645",100.1,4,99.8,"1,645",100,"132",8
"481","Vadavucode CHCArea","2015-16",2,"2,047","1,671","473",81.6,23.1,"1,967","994",96.1,48.6,"1,620",79.1,"430","0",0,12.9,1,0,1,0,0,0,"0",0,NA,"2,614",127.7,"2,615",100,100,0,"0","1,020",39,NA,39,0,NA,NA,100,"2,615","4,035",100,154.3,"2,659",101.7,28,99,"2,659",100,"391",14.7
"491","Varappetty BPHCArea","2015-16",2,"1,768","1,527","676",86.4,38.2,"1,703","732",96.3,41.4,"1,435",81.2,"27","0",0,0.4,7,0,7,0,0,0,"0",0,NA,"0",0,"7",0,0,100,"0","0",NA,NA,NA,NA,NA,NA,NA,"7","1,637",100,3385.7,"7",100,0,100,"7",100,"2",28.6
"501","Varappuzha BPHCArea","2015-16",2,"2,379","1,985","604",83.4,25.4,"2,092","869",87.9,36.5,"1,345",56.5,"22","0",0,0.5,0,0,0,NA,0,NA,"0",0,NA,"674",28.3,"674",100,100,0,"0","422",62.6,NA,62.6,0,NA,NA,100,"674","2,147",100,318.5,"676",100.3,0,100,"676",100,"48",7.1
"511","Vengoor BPHCArea","2015-16",2,"1,876","1,576","596",84,31.8,"1,734","679",92.4,36.2,"1,225",65.3,"4","0",0,0.4,3,0,3,0,0,0,"0",0,NA,"303",16.2,"306",99,99,1,"0","128",42.2,NA,42.2,0,NA,NA,100,"306","1,675",100,547.4,"307",100.3,0,100,"307",100,"17",5.5
"521","W and C Mattanchery","2015-16",2,"1,958","1,210","88",61.8,4.5,"1,760","1,881",89.9,96.1,"802",41,"932","25",2.7,0.1,0,0,0,NA,0,NA,"362",0,0,"2,107",107.6,"2,107",100,100,0,"168","901",50.7,46.4,51.6,17.2,67.1,0,82.8,"2,107","1,521",100,72.2,"2,109",100.1,3,99.9,"2,109",100,"239",11.3
"541","Chithirapuram CHCArea","2015-16",3,"2,489","2,047","1,672",82.2,67.2,"2,383","1,537",95.7,61.8,"1,378",55.4,"187","2",1.1,6.5,42,0,42,0,0,0,"0",0,NA,"667",26.8,"709",94.1,94.1,5.9,"0","331",49.6,NA,49.6,0,NA,NA,100,"711","2,633",100.3,371.4,"703",99.2,9,98.7,"703",100,"116",16.5
"551","DH Idukki","2015-16",3,"0","0","0",NA,NA,"0","0",NA,NA,"0",NA,"0","0",NA,NA,NA,NA,NA,NA,NA,NA,"604",0,0,"604",NA,"604",100,100,0,"332",NA,55,55,NA,100,8.8,2.8,0,"604","59",100,9.8,"604",100,1,99.8,"599",99.2,"62",10.4
"561","Muttom CHCArea","2015-16",3,"2,139","1,732","1,150",81,53.8,"1,906","672",89.1,31.4,"853",39.9,"52","0",0,0.1,1,0,1,0,0,0,"0",0,NA,"52",2.4,"53",98.1,98.1,1.9,"0","24",46.2,NA,46.2,0,NA,NA,100,"76","1,927",143.4,3635.8,"52",98.1,2,96.3,"52",100,"13",25
"571","Pampadampara BPHC Area","2015-16",3,"1,280","1,074","503",83.9,39.3,"1,169","1,239",91.3,96.8,"821",64.1,"26","3",11.5,0.1,1,0,1,0,0,0,"0",0,NA,"490",38.3,"491",99.8,99.8,0.2,"0","299",61,NA,61,0,NA,NA,100,"360","1,203",73.3,245,"483",98.4,9,98.2,"478",99,"24",5
"581","Purapuzha CHC Area","2015-16",3,"935","752","434",80.4,46.4,"821","354",87.8,37.9,"418",44.7,"80","0",0,0.2,0,0,0,NA,0,NA,"0",0,NA,"70",7.5,"70",100,100,0,"0","41",58.6,NA,58.6,0,NA,NA,100,"22","838",31.4,1197.1,"72",102.9,0,100,"72",100,"9",12.5
"591","Rajakkadu CHC Area","2015-16",3,"990","829","591",83.7,59.7,"979","600",98.9,60.6,"664",67.1,"10","0",0,0.7,1,0,1,0,0,0,"0",0,NA,"9",0.9,"10",90,90,10,"0","4",44.4,NA,44.4,0,NA,NA,100,"5","874",50,8740,"10",100,0,100,"10",100,"0",0
"601","THQH Adimaly","2015-16",3,"17","14","13",82.4,76.5,"344","402",2023.5,2364.7,"266",1564.7,"469","19",4.1,641.2,0,0,0,NA,0,NA,"799",0,0,"1,322",7776.5,"1,322",100,100,0,"344","282",47.4,43.1,53.9,60.4,47.1,0,39.6,"1,401","10",106,0.8,"1,368",103.5,3,99.8,"1,402",102.5,"190",13.6
"611","THQH Nedumkandom","2015-16",3,"69","50","25",72.5,36.2,"70","436",101.4,631.9,"45",65.2,"83","0",0,0,1,0,1,0,0,0,"94",0,0,"600",869.6,"601",99.8,99.8,0.2,"48","261",51.5,51.1,51.6,15.7,56.4,0,84.3,"940","510",156.4,84.9,"947",157.6,1,99.9,"947",100,"125",13.2
"621","THQH Peerumedu","2015-16",3,"13","13","6",100,46.2,"81","83",623.1,638.5,"73",561.5,"14","2",14.3,0,0,0,0,NA,0,NA,"5",2,40,"41",315.4,"41",100,100,0,"0","22",53.7,0,61.1,12.2,0,0,87.8,"41","70",100,170.7,"41",100,0,100,"41",100,"11",26.8
"631","THQH Thodupuzha","2015-16",3,"819","560","227",68.4,27.7,"741","4,261",90.5,520.3,"2,632",321.4,"3,189","3",0.1,66.8,0,0,0,NA,0,NA,"799",1,0.1,"4,269",521.2,"4,269",100,100,0,"375","1,719",49.1,46.9,49.5,18.7,48.3,0,81.3,"5,856","7,206",137.2,168.8,"5,137",120.3,17,99.7,"5,137",100,"624",12.1
"641","Upputhara CHC Area","2015-16",3,"2,894","2,395","1,480",82.8,51.1,"2,381","1,949",82.3,67.3,"1,727",59.7,"174","0",0,1.8,6,0,6,0,0,0,"0",0,NA,"1,816",62.8,"1,822",99.7,99.7,0.3,"0","838",46.1,NA,46.1,0,NA,NA,100,"1,676","3,978",92,218.3,"1,829",100.4,9,99.5,"1,829",100,"236",12.9
"651","Vandiperiyar CHC Area","2015-16",3,"1,914","1,650","1,281",86.2,66.9,"1,813","1,937",94.7,101.2,"1,041",54.4,"141","2",1.4,0.5,7,0,7,0,0,0,"0",0,NA,"853",44.6,"860",99.2,99.2,0.8,"0","433",50.8,NA,50.8,0,NA,NA,100,"860","1,828",100,212.6,"858",99.8,7,99.2,"855",99.7,"92",10.8
"671","Azhikode CHCArea","2015-16",4,"3,147","2,402","1,113",76.3,35.4,"2,854","2,170",90.7,69,"2,892",91.9,"147","15",10.2,1,1,0,1,0,0,0,"0",0,NA,"1,165",37,"1,166",99.9,99.9,0.1,"0","624",53.6,NA,53.6,0,NA,NA,100,"1,165","1,889",99.9,162,"1,166",100,6,99.5,"1,056",90.6,"315",29.8
"681","Chittariparamba PHCArea","2015-16",4,"2,029","1,729","854",85.2,42.1,"2,025","1,074",99.8,52.9,"1,332",65.6,"107","29",27.1,1.4,1,0,1,0,0,0,"0",0,NA,"959",47.3,"960",99.9,99.9,0.1,"0","357",37.2,NA,37.2,0,NA,NA,100,"921","2,050",95.9,213.5,"964",100.4,2,99.8,"963",99.9,"137",14.2
"691","DH Kannur","2015-16",4,"209","148","193",70.8,92.3,"225","1,533",107.7,733.5,"268",128.2,"14","98",700,23.9,0,0,0,NA,1,NA,"3,149",0,0,"10,664",5102.4,"10,664",100,100,0,"1,668","2,968",43.5,53,39.5,29.5,6.6,0,70.5,"10,398","6,307",97.5,59.1,"10,551",98.9,28,99.7,"10,551",100,"1,127",10.7
"701","Ezhome PHCArea","2015-16",4,"2,448","2,128","708",86.9,28.9,"2,414","1,283",98.6,52.4,"2,409",98.4,"17","0",0,0.8,1,0,1,0,0,0,"0",0,NA,"1,747",71.4,"1,748",99.9,99.9,0.1,"0","550",31.5,NA,31.5,0,NA,NA,100,"1,748","2,023",100,115.7,"1,738",99.4,12,99.3,"1,738",100,"377",21.7
"711","GH Thalassery","2015-16",4,"67","36","9",53.7,13.4,"25","4,037",37.3,6025.4,"51",76.1,"615","36",5.9,117.9,NA,NA,NA,NA,NA,NA,"4,470",0,0,"12,293",8347.8,"12,293",100,100,0,"2,043","4,033",49.4,45.7,51.6,36.4,37.3,0,63.6,"11,458","8,070",93.2,65.6,"12,318",100.2,36,99.7,"11,545",93.7,"1,263",10.9
"721","Iritty CHCArea","2015-16",4,"4,756","3,992","2,402",83.9,50.5,"4,322","3,233",90.9,68,"3,423",72,"33","0",0,0.1,1,0,1,0,0,0,"2",1,50,"2,221",46.7,"2,222",100,100,0,"0","754",33.9,0,34,0.1,5200,0,99.9,"2,235","3,709",100.6,166.9,"2,222",100,6,99.7,"2,221",100,"91",4.1
"731","Iriveri CHCArea","2015-16",4,"4,238","3,323","991",78.4,23.4,"3,924","2,075",92.6,49,"3,482",82.2,"22","0",0,0.1,2,0,2,0,0,0,"0",0,NA,"187",4.4,"189",98.9,98.9,1.1,"0","94",50.3,NA,50.3,0,NA,NA,100,"205","2,468",108.5,1305.8,"193",102.1,0,100,"180",93.3,"28",15.6
"741","Keezhpally PHCArea","2015-16",4,"1,639","1,362","1,282",83.1,78.2,"1,552","639",94.7,39,"1,433",87.4,"32",NA,0,1.1,2,0,2,0,0,0,"0",0,NA,"1",0.1,"3",33.3,33.3,66.7,"0",NA,0,NA,0,0,NA,NA,100,"3","833",100,7766.7,"2",66.7,1,66.7,"2",100,"0",0
"751","Mayyil CHCArea","2015-16",4,"3,187","2,689","1,377",84.4,43.2,"2,982","2,260",93.6,70.9,"2,652",83.2,"104","0",0,0.3,0,0,0,NA,0,NA,"0",0,NA,"711",22.3,"711",100,100,0,"0","279",39.2,NA,39.2,0,NA,NA,100,"716","2,790",100.7,392.4,"716",100.7,0,100,"713",99.6,"32",4.5
"761","Oduvallithattu CHCArea","2015-16",4,"2,075","1,828","979",88.1,47.2,"2,031","986",97.9,47.5,"1,910",92,"27","0",0,0.3,3,0,3,0,0,0,"0",0,NA,"3",0.1,"6",50,50,50,"0","1",33.3,NA,33.3,0,NA,NA,100,"6","1,740",100,9000,"6",100,0,100,"6",100,"0",0
"771","Panoor CHCArea","2015-16",4,"2,361","1,964","1,299",83.2,55,"2,138","829",90.6,35.1,"1,510",64,"37","0",0,0,1,0,1,0,0,0,"0",0,NA,"0",0,"1",0,0,100,"0",NA,NA,NA,NA,NA,NA,NA,NA,"0","1,517",0,1700,"1",100,0,100,"1",100,"0",0
"781","Pappinissery CHCArea","2015-16",4,"2,930","2,384","968",81.4,33,"2,831","946",96.6,32.3,"2,178",74.3,"12","0",0,0.4,0,0,0,NA,0,NA,"0",0,NA,"841",28.7,"841",100,100,0,"0","457",54.3,NA,54.3,0,NA,NA,100,"738","2,519",87.8,299.5,"924",109.9,0,100,"921",99.7,"120",13
"791","Payyangadi CHCArea","2015-16",4,"3,367","2,665","788",79.2,23.4,"3,168","3,348",94.1,99.4,"3,446",102.3,"21","0",0,0.7,0,0,0,NA,0,NA,"0",0,NA,"4,667",138.6,"4,667",100,100,0,"0","1,630",34.9,NA,34.9,0,NA,NA,100,"4,686","5,303",100.4,113.6,"4,692",100.5,9,99.8,"4,692",100,"296",6.3
"801","Peringome CHCArea","2015-16",4,"1,834","1,536","1,602",83.8,87.4,"1,737","878",94.7,47.9,"1,501",81.8,"50","0",0,0.8,1,0,1,0,0,0,"0",0,NA,"2,109",115,"2,110",100,100,0,"0","958",45.4,NA,45.4,0,NA,NA,100,"2,120","1,808",100.5,85.7,"2,101",99.6,83,96.2,"2,101",100,"724",34.5
"811","Pinarayi CHCArea","2015-16",4,"5,470","4,504","1,371",82.3,25.1,"4,886","2,123",89.3,38.8,"4,318",78.9,"60","0",0,1,1,0,1,0,0,0,"0",0,NA,"150",2.7,"151",99.3,99.3,0.7,"0","78",52,NA,52,0,NA,NA,100,"148","2,486",98,1646.4,"151",100,0,100,"151",100,"17",11.3
"821","THQH Kuthuparamba","2015-16",4,"76","66","2",86.8,2.6,"79","447",103.9,588.2,"100",131.6,"56","0",0,0,NA,NA,NA,NA,NA,NA,"10",0,0,"107",140.8,"107",100,100,0,"0","57",53.3,0,58.8,9.3,60,0,90.7,"107","97",100,90.7,"108",100.9,0,100,"108",100,"7",6.5
"831","THQH Payyannur","2015-16",4,"70","60","20",85.7,28.6,"77","716",110,1022.9,"77",110,"59","1",1.7,48.6,NA,NA,NA,NA,NA,NA,"312",0,0,"415",592.9,"415",100,100,0,"127","57",44.3,40.7,55.3,75.2,104.8,5.4,24.8,"415","218",100,52.5,"416",100.2,3,99.3,"416",100,"38",9.1
"841","THQH Peravoor","2015-16",4,"0","0","0",NA,NA,"0","201",NA,NA,"0",NA,"26","7",26.9,NA,NA,NA,NA,NA,NA,NA,"36",1,2.8,"36",NA,"36",100,100,0,"0",NA,0,0,NA,100,0,0,0,"36","43",100,119.4,"35",97.2,1,97.2,"35",100,"8",22.9
"851","THQH Taliparamba","2015-16",4,"406","232","18",57.1,4.4,"186","445",45.8,109.6,"156",38.4,"173","0",0,5.7,NA,NA,NA,NA,NA,NA,"2,039",0,0,"4,252",1047.3,"4,252",100,100,0,"798","642",33.9,39.1,29,48,43.1,0,52,"4,077","3,732",95.9,87.8,"4,262",100.2,25,99.4,"4,262",100,"368",8.6
"861","Wand C hospital mangattuparamba","2015-16",4,"51","39","24",76.5,47.1,"43","502",84.3,984.3,"86",168.6,"1,520","55",3.6,100,0,0,0,NA,0,NA,"1,120",0,0,"1,120",2196.1,"1,120",100,100,0,"541",NA,48.3,48.3,NA,100,50.7,0.4,0,"1,120","1,092",100,97.5,"1,122",100.2,1,99.9,"1,122",100,"96",8.6
"881","Bedaduka CHCArea","2015-16",5,"2,899","2,499","842",86.2,29,"3,004","2,762",103.6,95.3,"2,921",100.8,"627","1",0.2,0.9,2,0,2,0,1,50,"0",0,NA,"404",13.9,"406",99.5,99.5,0.5,"0","77",19.1,NA,19.1,0,NA,NA,100,"406","2,904",100,715.3,"409",100.7,0,100,"409",100,"55",13.4
"891","DH Kanhangad","2015-16",5,"231","200","43",86.6,18.6,"238","1,030",103,445.9,"226",97.8,"38","0",0,29.4,0,0,0,NA,0,NA,"1,509",0,0,"2,588",1120.3,"2,588",100,100,0,"388","259",25,25.7,24,58.3,91.3,0,41.7,"2,588","245",100,9.5,"2,598",100.4,6,99.8,"2,598",100,"286",11
"901","GH Kasaragod","2015-16",5,"785","425","150",54.1,19.1,"587","3,808",74.8,485.1,"967",123.2,"1,593","8",0.5,5.6,0,0,0,NA,0,NA,"2,329",0,0,"10,220",1301.9,"10,220",100,100,0,"600","2,007",25.5,25.8,25.4,22.8,65.2,0,77.2,"10,220","3,441",100,33.7,"10,245",100.2,34,99.7,"10,245",100,"368",3.6
"911","Kumbla CHCArea","2015-16",5,"3,429","2,827","967",82.4,28.2,"3,172","2,288",92.5,66.7,"1,675",48.8,"641","0",0,2.2,7,1,6,14.3,0,0,"0",0,NA,"1,525",44.5,"1,532",99.5,99.6,0.5,"0","406",26.6,NA,26.6,0,NA,NA,100,"1,405","2,982",91.7,194.6,"1,542",100.7,7,99.5,"1,542",100,"151",9.8
"921","Mangalapady CHCArea","2015-16",5,"3,644","2,977","819",81.7,22.5,"3,517","940",96.5,25.8,"3,522",96.7,"309","0",0,0.2,8,2,6,25,0,0,"0",0,NA,"228",6.3,"236",96.6,97.5,3.4,"0","4",1.8,NA,1.8,0,NA,NA,100,"201","3,248",85.2,1376.3,"236",100,0,100,"236",100,"10",4.2
"931","Muliyar CHCArea","2015-16",5,"3,861","2,986","827",77.3,21.4,"3,447","1,573",89.3,40.7,"3,668",95,"491","0",0,0.8,7,2,5,28.6,1,14.3,"0",0,NA,"99",2.6,"106",93.4,95.3,6.6,"0","25",25.3,NA,25.3,0,NA,NA,100,"92","3,187",86.8,3006.6,"105",99.1,1,99.1,"104",99,"6",5.8
"941","Nileshwar CHCArea","2015-16",5,"4,712","4,157","1,613",88.2,34.2,"4,488","2,356",95.2,50,"3,900",82.8,"770","1",0.1,1.3,3,1,2,33.3,0,0,"0",0,NA,"359",7.6,"362",99.2,99.4,0.8,"0","72",20.1,NA,20.1,0,NA,NA,100,"360","2,540",99.4,701.7,"364",100.6,0,100,"364",100,"36",9.9
"951","Panathady CHCArea","2015-16",5,"1,715","1,546","731",90.1,42.6,"1,668","1,462",97.3,85.2,"1,174",68.5,"297","0",0,1.5,2,1,1,50,0,0,"0",0,NA,"0",0,"2",0,50,100,"0","0",NA,NA,NA,NA,NA,NA,NA,"2","1,575",100,8750,"2",100,0,100,"2",100,"1",50
"961","Periye CHCArea","2015-16",5,"3,161","2,703","903",85.5,28.6,"2,754","3,504",87.1,110.9,"2,686",85,"413","0",0,2.3,0,0,0,NA,0,NA,"0",0,NA,"5,000",158.2,"5,000",100,100,0,"0","1,143",22.9,NA,22.9,0,NA,NA,100,"5,000","4,532",100,90.6,"5,060",101.2,7,99.9,"5,060",100,"215",4.2
"981","Anchal CHCArea","2015-16",6,"1,851","1,571","798",84.9,43.1,"1,813","1,163",97.9,62.8,"1,680",90.8,"78","0",0,6.8,2,1,1,50,0,0,"0",0,NA,"714",38.6,"716",99.7,99.9,0.3,"0","447",62.6,NA,62.6,0,NA,NA,100,"696","2,204",97.2,307.8,"720",100.6,0,100,"720",100,"57",7.9
"991","Chavara CHCArea","2015-16",6,"1,421","1,228","739",86.4,52,"1,376","512",96.8,36,"1,373",96.6,"9","0",0,0.8,0,0,0,NA,0,NA,"0",0,NA,"12",0.8,"12",100,100,0,"0","7",58.3,NA,58.3,0,NA,NA,100,"12","1,294",100,783.3,"12",100,0,100,"12",100,"1",8.3
"1001","District Hospital Kollam","2015-16",6,NA,NA,NA,NA,NA,NA,NA,NA,NA,NA,NA,NA,NA,NA,NA,NA,NA,NA,NA,NA,NA,NA,NA,NA,NA,NA,NA,NA,NA,NA,NA,NA,NA,NA,NA,NA,NA,NA,NA,NA,NA,NA,NA,NA,NA,NA,NA,NA,NA,NA,NA
"1011","Kalakode CHCArea","2015-16",6,"3,184","2,827","1,805",88.8,56.7,"2,879","1,433",90.4,45,"1,236",38.8,"35","0",0,1.5,2,0,2,0,0,0,"0",0,NA,"1,302",40.9,"1,304",99.8,99.8,0.2,"0","702",53.9,NA,53.9,0,NA,NA,100,"1,304","3,116",100,239,"1,307",100.2,0,100,"1,307",100,"43",3.3
"1021","Kulakkada CHCArea","2015-16",6,"2,087","1,791","981",85.8,47,"2,135","1,025",102.3,49.1,"2,432",116.5,"23","0",0,2,1,0,1,0,0,0,"0",0,NA,"302",14.5,"303",99.7,99.7,0.3,"0","199",65.9,NA,65.9,0,NA,NA,100,"303","1,777",100,586.5,"304",100.3,0,100,"304",100,"4",1.3
"1031","Kulathupuzha CHCArea","2015-16",6,"805","710","508",88.2,63.1,"867","638",107.7,79.3,"886",110.1,"46","0",0,3.5,3,0,3,0,0,0,"0",0,NA,"191",23.7,"194",98.5,98.5,1.5,"0","98",51.3,NA,51.3,0,NA,NA,100,"194","923",100,475.8,"190",97.9,5,97.4,"190",100,"22",11.6
"1041","Kundara CHCArea","2015-16",6,"1,679","1,464","936",87.2,55.7,"1,593","876",94.9,52.2,"1,425",84.9,"39","0",0,0.8,1,0,1,0,0,0,"0",0,NA,"0",0,"1",0,0,100,"0",NA,NA,NA,NA,NA,NA,NA,NA,"0","1,378",0,7800,"1",100,0,100,"1",100,"0",0
"1051","Mynagappally CHCArea","2015-16",6,"2,430","2,192","1,437",90.2,59.1,"2,360","2,333",97.1,96,"2,431",100,"32","0",0,0.1,0,0,0,NA,0,NA,"0",0,NA,"1,217",50.1,"1,217",100,100,0,"0","683",56.1,NA,56.1,0,NA,NA,100,"1,217","2,564",100,210.7,"1,220",100.2,0,100,"1,116",91.5,"74",6.6
"1061","Nedumoncavu CHCArea","2015-16",6,"1,995","1,693","967",84.9,48.5,"1,901","1,214",95.3,60.9,"1,648",82.6,"71","0",0,1.8,2,1,1,50,0,0,"0",0,NA,"1,074",53.8,"1,076",99.8,99.9,0.2,"0","593",55.2,NA,55.2,0,NA,NA,100,"1,076","2,560",100,237.9,"1,090",101.3,0,100,"1,090",100,"100",9.2
"1071","Neendakara CHCArea","2015-16",6,NA,NA,NA,NA,NA,NA,NA,NA,NA,NA,NA,NA,NA,NA,NA,NA,NA,NA,NA,NA,NA,NA,NA,NA,NA,NA,NA,NA,NA,NA,NA,NA,NA,NA,NA,NA,NA,NA,NA,NA,NA,NA,NA,NA,NA,NA,NA,NA,NA,NA,NA
"1081","Nilamel CHCArea","2015-16",6,"1,275","1,089","901",85.4,70.7,"1,268","557",99.5,43.7,"1,320",103.5,"16","0",0,1.3,2,0,2,0,0,0,"0",0,NA,"0",0,"2",0,0,100,"0",NA,NA,NA,NA,NA,NA,NA,NA,"2","1,228",100,1400,"2",100,0,100,"2",100,"0",0
"1091","Oachira CHCArea","2015-16",6,"1,339","1,171","738",87.5,55.1,"1,198","2,173",89.5,162.3,"577",43.1,"34","0",0,1.2,0,0,0,NA,0,NA,"0",0,NA,"3,077",229.8,"3,077",100,100,0,"0","1,246",40.5,NA,40.5,0,NA,NA,100,"3,079","3,243",100.1,105.4,"3,102",100.8,2,99.9,"3,102",100,"82",2.6
"1101","Palathara CHCArea","2015-16",6,"4,163","3,374","2,173",81,52.2,"3,774","2,018",90.7,48.5,"3,113",74.8,"86","0",0,1,2,2,0,100,0,0,"0",1,NA,"3,008",72.3,"3,010",99.9,100,0.1,"0","1,940",64.5,NA,64.5,0,NA,NA,100,"3,010","5,839",100,194,"3,020",100.3,1,100,"3,020",100,"100",3.3
"1111","Pathanapuram CHCArea","2015-16",6,"2,040","1,761","948",86.3,46.5,"2,120","1,936",103.9,94.9,"1,984",97.3,"14","0",0,1.6,7,0,7,0,0,0,"0",0,NA,"576",28.2,"583",98.8,98.8,1.2,"0","310",53.8,NA,53.8,0,NA,NA,100,"583","1,850",100,317.3,"588",100.9,0,100,"588",100,"9",1.5
"1121","Sooranadu CHCArea","2015-16",6,"2,012","1,752","1,426",87.1,70.9,"1,893","1,008",94.1,50.1,"1,947",96.8,"247","42",17,1.6,1,1,0,100,0,0,"327",0,0,"675",33.5,"676",99.9,100,0.1,"165","133",44.1,50.5,38.2,48.4,116.2,7.6,51.6,"676","1,773",100,262.3,"677",100.1,0,100,"677",100,"56",8.3
"1131","THQH Kadakkal","2015-16",6,"115","100","98",87,85.2,"116","476",100.9,413.9,"112",97.4,"248","14",5.6,3.5,NA,NA,NA,NA,NA,NA,"375",0,0,"375",326.1,"375",100,100,0,"157",NA,41.9,41.9,NA,100,88.5,2.9,0,"345","83",92,22.1,"376",100.3,0,100,"376",100,"39",10.4
"1141","THQH Karunagappally","2015-16",6,"107","75","53",70.1,49.5,"101","568",94.4,530.8,"112",104.7,"12","5",41.7,0,NA,NA,NA,NA,NA,NA,"1,370",0,0,"1,370",1280.4,"1,370",100,100,0,"692",NA,50.5,50.5,NA,100,94.1,2,0,"1,370","209",100,15.3,"1,377",100.5,1,99.9,"1,377",100,"149",10.8
"1151","THQH Kottarakara","2015-16",6,"65","48","10",73.8,15.4,"59","843",90.8,1296.9,"213",327.7,"98","15",15.3,0,NA,NA,NA,NA,NA,NA,"1,559",0,0,"1,821",2801.5,"1,821",100,100,0,"854","230",59.5,54.8,87.8,85.6,90.5,0,14.4,"1,821","1,177",100,64.6,"1,826",100.3,2,99.9,"1,826",100,"129",7.1
"1161","THQH Punalur","2015-16",6,"588","480","237",81.6,40.3,"485","1,930",82.5,328.2,"489",83.2,"30","23",76.7,8.7,1,1,0,100,1,100,"958",0,0,"2,823",480.1,"2,824",100,100,0,"330","975",46.2,34.4,52.3,33.9,74.6,0,66.1,"2,824","1,675",100,59.3,"2,847",100.8,2,99.9,"2,847",100,"147",5.2
"1171","THQH Sasthamkottah","2015-16",6,NA,NA,NA,NA,NA,NA,NA,NA,NA,NA,NA,NA,NA,NA,NA,NA,NA,NA,NA,NA,NA,NA,NA,NA,NA,NA,NA,NA,NA,NA,NA,NA,NA,NA,NA,NA,NA,NA,NA,NA,NA,NA,NA,NA,NA,NA,NA,NA,NA,NA,NA
"1181","Thekkumbhagam CHCArea","2015-16",6,"867","721","440",83.2,50.7,"849","818",97.9,94.3,"819",94.5,"42","0",0,1.7,0,0,0,NA,0,NA,"0",0,NA,"3",0.3,"3",100,100,0,"0","1",33.3,NA,33.3,0,NA,NA,100,"3","799",100,6633.3,"3",100,0,100,"3",100,"0",0
"1191","Thrikkadavoor CHCArea","2015-16",6,"2,071","1,790","1,098",86.4,53,"1,982","670",95.7,32.4,"1,970",95.1,"37","0",0,1,0,0,0,NA,0,NA,"0",0,NA,"480",23.2,"480",100,100,0,"0","229",47.7,NA,47.7,0,NA,NA,100,"480","2,106",100,438.8,"483",100.6,0,100,"483",100,"40",8.3
"1201","Velinalloor CHCArea","2015-16",6,"1,577","1,446","813",91.7,51.6,"1,644","780",104.2,49.5,"1,537",97.5,"16","0",0,0.5,0,0,0,NA,0,NA,"0",0,NA,"0",0,"0",NA,NA,NA,"0",NA,NA,NA,NA,NA,NA,NA,NA,"0","1,299",NA,NA,"0",NA,0,NA,"0",NA,"0",NA
"1211","Women and Children Hospital Victoria Hl Kollam","2015-16",6,"1,365","1,190","895",87.2,65.6,"1,314","3,225",96.3,236.3,"2,428",177.9,"2,950","37",1.3,13.8,0,0,0,NA,0,NA,"5,417",0,0,"9,416",689.8,"9,416",100,100,0,"2,829","2,766",59.4,52.2,69.2,57.5,48.8,0.1,42.5,"9,115","2,421",96.8,25.7,"9,481",100.7,22,99.8,"9,481",100,"1,027",10.8
"1231","Arunootimangalam CHCArea","2015-16",7,"654","561","307",85.8,46.9,"592","232",90.5,35.5,"610",93.3,"19","0",0,1.4,1,1,0,100,0,0,"0",0,NA,"0",0,"1",0,100,100,"0",NA,NA,NA,NA,NA,NA,NA,NA,"1","588",100,8800,"1",100,0,100,"1",100,"0",0
"1241","Athirampuzha BPHCArea","2015-16",7,"1,511","1,153","545",76.3,36.1,"1,481","363",98,24,"1,475",97.6,"3",NA,0,0,0,0,0,NA,0,NA,"0",0,NA,"52",3.4,"52",100,100,0,"0","28",53.8,NA,53.8,0,NA,NA,100,"52","1,303",100,2505.8,"52",100,0,100,"52",100,"3",5.8
"1251","Edamaruku CHCArea","2015-16",7,"1,661","1,347","876",81.1,52.7,"1,709","799",102.9,48.1,"1,607",96.7,"1","0",0,0.5,1,0,1,0,0,0,"0",0,NA,"218",13.1,"219",99.5,99.5,0.5,"0","79",36.2,NA,36.2,0,NA,NA,100,"219","1,643",100,750.2,"219",100,1,99.5,"219",100,"29",13.2
"1261","Edayazham CHCArea","2015-16",7,"1,388","1,205","1,094",86.8,78.8,"1,321","515",95.2,37.1,"1,327",95.6,"14","0",0,0.3,0,0,0,NA,0,NA,"0",0,NA,"0",0,"0",NA,NA,NA,"0",NA,NA,NA,NA,NA,NA,NA,NA,"0","1,154",NA,NA,"0",NA,0,NA,"0",NA,"0",NA
"1271","Edayirickapuzha CHCArea","2015-16",7,"1,120","969","547",86.5,48.8,"1,045","364",93.3,32.5,"1,119",99.9,"2","0",0,0,0,0,0,NA,0,NA,"0",0,NA,"33",2.9,"33",100,100,0,"0","17",51.5,NA,51.5,0,NA,NA,100,"33","1,028",100,3115.2,"33",100,0,100,"33",100,"0",0
"1281","Erumely CHCArea","2015-16",7,"2,222","1,657","1,206",74.6,54.3,"2,067","1,993",93,89.7,"2,301",103.6,"7","0",0,0.1,0,0,0,NA,0,NA,"0",0,NA,"1,844",83,"1,844",100,100,0,"0","734",39.8,NA,39.8,0,NA,NA,100,"1,844","2,180",100,118.2,"1,848",100.2,5,99.7,"1,848",100,"113",6.1
"1291","GH Kanjirappally","2015-16",7,"46","34","21",73.9,45.7,"43","577",93.5,1254.3,"65",141.3,"76","0",0,23.9,0,0,0,NA,0,NA,"49",0,0,"647",1406.5,"647",100,100,0,"10","361",57.3,20.4,60.4,7.6,93.9,0,92.4,"647","666",100,102.9,"649",100.3,5,99.2,"649",100,"60",9.2
"1301","General Hospital Changanassery","2015-16",7,"407","277","325",68.1,79.9,"344","544",84.5,133.7,"377",92.6,"18",NA,0,0.5,0,0,0,NA,0,NA,"949",0,0,"2,157",530,"2,157",100,100,0,"453","608",49.2,47.7,50.3,44,35.8,0,56,"2,157","1,265",100,58.6,"2,164",100.3,2,99.9,"2,164",100,"111",5.1
"1311","General Hospital Pala","2015-16",7,"162","86","76",53.1,46.9,"104","1,117",64.2,689.5,"163",100.6,"83","0",0,44.4,0,0,0,NA,0,NA,"592",0,0,"1,575",972.2,"1,575",100,100,0,"195","474",42.5,32.9,48.2,37.6,80.7,12.8,62.4,"1,575","731",100,46.4,"1,581",100.4,0,100,"1,581",100,"122",7.7
"1321","ICH Kottayam","2015-16",7,"0","0","0",NA,NA,"0","0",NA,NA,"0",NA,"0","0",NA,NA,NA,NA,NA,NA,NA,NA,"0",0,NA,"0",NA,"0",NA,NA,NA,"0",NA,NA,NA,NA,NA,NA,NA,NA,"0","0",NA,NA,"0",NA,0,NA,"0",NA,"0",NA
"1331","KMCH Ettumanoor BPHCArea","2015-16",7,"444","330","194",74.3,43.7,"299","2,351",67.3,529.5,"409",92.1,"160","7",4.4,31.5,0,0,0,NA,0,NA,"0",0,NA,"3,957",891.2,"3,957",100,100,0,"0","1,500",37.9,NA,37.9,0,NA,NA,100,"3,957","4,124",100,104.2,"4,008",101.3,29,99.3,"4,008",100,"514",12.8
"1341","Karukachal CHCArea","2015-16",7,"2,162","1,657","1,721",76.6,79.6,"2,121","1,099",98.1,50.8,"2,155",99.7,"19","0",0,0.3,1,1,0,100,0,0,"0",3,NA,"792",36.6,"793",99.9,100,0.1,"0","520",65.7,NA,65.7,0,NA,NA,100,"793","2,262",100,285.2,"794",100.1,1,99.9,"794",100,"38",4.8
"1351","Koodalloor CHCArea","2015-16",7,"882","725","403",82.2,45.7,"820","405",93,45.9,"907",102.8,"21","16",76.2,4,0,0,0,NA,0,NA,"0",0,NA,"580",65.8,"580",100,100,0,"0","217",37.4,NA,37.4,0,NA,NA,100,"580","874",100,150.7,"579",99.8,10,98.3,"579",100,"57",9.8
"1361","Kumarakom CHCArea","2015-16",7,"1,369","1,148","661",83.9,48.3,"1,326","1,269",96.9,92.7,"1,402",102.4,"6","0",0,0,1,0,1,0,0,0,"0",0,NA,"1,099",80.3,"1,100",99.9,99.9,0.1,"0","646",58.8,NA,58.8,0,NA,NA,100,"1,100","2,114",100,192.2,"1,104",100.4,0,100,"1,104",100,"83",7.5
"1371","Medical College Hospital","2015-16",7,"46","28","45",60.9,97.8,"40","1,313",87,2854.3,"43",93.5,"126","37",29.4,691.3,0,0,0,NA,0,NA,"5,514",51,0.9,"5,514",1987,"5,514",100,100,0,"1,909",NA,34.6,34.6,NA,100,19.1,0,0,"5,514","1,954",100,35.4,"5,489",99.5,136,97.6,"5,489",100,"1,683",30.7
"1381","Medical College Hospital Kottayam","2015-16",7,"398","281","298",70.6,74.9,"452","1,930",113.6,484.9,"485",121.9,"234","18",7.7,0,0,0,0,NA,0,NA,"1,660",10,0.6,"3,750",942.2,"3,750",100,100,0,"1,001","1,326",62.1,60.3,63.4,44.3,64.6,0,55.7,"3,750","989",100,26.4,"3,761",100.3,2,99.9,"3,761",100,"334",8.9
"1391","Mundankunnu BPHCArea","2015-16",7,"890","738","556",82.9,62.5,"933","283",104.8,31.8,"905",101.7,"1",NA,0,0.3,0,0,0,NA,0,NA,"0",4,NA,"0",0,"0",NA,NA,NA,"0",NA,NA,NA,NA,NA,NA,NA,NA,"0","858",NA,NA,"0",NA,0,NA,"0",NA,"0",NA
"1401","Paika Elikulam MC CHCArea","2015-16",7,"433","375","166",86.6,38.3,"421","310",97.2,71.6,"413",95.4,"3","0",0,0.2,0,0,0,NA,0,NA,"2",2,100,"2",0.5,"2",100,100,0,"0",NA,0,0,NA,100,0,0,0,"2","347",100,7350,"2",100,0,100,"2",100,"1",50
"1411","Panachikkadu BPHCArea","2015-16",7,"1,018","850","660",83.5,64.8,"997","402",97.9,39.5,"1,044",102.6,"1","0",0,0.1,0,0,0,NA,0,NA,"0",1,NA,"32",3.1,"32",100,100,0,"0","16",50,NA,50,0,NA,NA,100,"32","954",100,2981.3,"31",96.9,1,96.9,"31",100,"4",12.9
"1421","THQH Kuravilangadu","2015-16",7,"0","0","0",NA,NA,"0","2",NA,NA,"0",NA,"0","0",NA,NA,NA,NA,NA,NA,NA,NA,"0",0,NA,"0",NA,"0",NA,NA,NA,"0",NA,NA,NA,NA,NA,NA,NA,NA,"0","0",NA,NA,"0",NA,0,NA,"0",NA,"0",NA
"1431","THQH Pampady","2015-16",7,"34","24","3",70.6,8.8,"60","91",176.5,267.6,"147",432.4,"0","0",NA,0,0,0,0,NA,0,NA,"3",3,100,"3",8.8,"3",100,100,0,"0",NA,0,0,NA,100,0,0,0,"3","29",100,966.7,"3",100,0,100,"3",100,"2",66.7
"1441","THQH Vaikom","2015-16",7,"80","56","64",70,80,"106","257",132.5,321.3,"103",128.8,"0","0",NA,0,0,0,0,NA,0,NA,"692",0,0,"728",910,"728",100,100,0,"407","36",60.9,58.8,100,95.1,0,0,4.9,"728","107",100,14.7,"728",100,0,100,"728",100,"40",5.5
"1451","Thalayolaparambu CHCArea","2015-16",7,"992","806","626",81.3,63.1,"910","664",91.7,66.9,"938",94.6,"18","1",5.6,0.2,1,0,1,0,0,0,"0",0,NA,"524",52.8,"525",99.8,99.8,0.2,"0","279",53.2,NA,53.2,0,NA,NA,100,"525","1,408",100,268.2,"525",100,0,100,"525",100,"2",0.4
"1461","Ullanad CHCArea","2015-16",7,"984","759","467",77.1,47.5,"930","631",94.5,64.1,"922",93.7,"21","1",4.8,0.8,0,0,0,NA,0,NA,"0",0,NA,"884",89.8,"884",100,100,0,"0","366",41.4,NA,41.4,0,NA,NA,100,"884","1,230",100,139.1,"884",100,1,99.9,"884",100,"80",9
"1471","Uzhavoor Speciality BPHCArea","2015-16",7,"551","439","309",79.7,56.1,"483","253",87.7,45.9,"540",98,"4","0",0,0.2,0,0,0,NA,0,NA,"0",0,NA,"175",31.8,"175",100,100,0,"0","112",64,NA,64,0,NA,NA,100,"175","507",100,289.7,"176",100.6,0,100,"176",100,"37",21
"1481","x","2015-16",7,NA,NA,NA,NA,NA,NA,NA,NA,NA,NA,NA,NA,NA,NA,NA,NA,NA,NA,NA,NA,NA,NA,NA,NA,NA,NA,NA,NA,NA,NA,NA,NA,NA,NA,NA,NA,NA,NA,NA,NA,NA,NA,NA,NA,NA,NA,NA,NA,NA,NA,NA
"1501","Balussery CHC Area","2015-16",8,"2,028","1,657","1,966",81.7,96.9,"1,984","2,018",97.8,99.5,"1,878",92.6,"279","7",2.5,2.5,2,0,2,0,2,100,"0",0,NA,"343",16.9,"345",99.4,99.4,0.6,"0","131",38.2,NA,38.2,0,NA,NA,100,"308","1,766",89.3,511.9,"346",100.3,0,100,"346",100,"10",2.9
"1511","Cheroopa BPHC Area","2015-16",8,"1,910","1,306","1,431",68.4,74.9,"1,287","1,324",67.4,69.3,"1,353",70.8,"247","0",0,1,1,0,1,0,1,100,"0",0,NA,"0",0,"1",0,0,100,"0","0",NA,NA,NA,NA,NA,NA,NA,"0","1,336",0,3600,"1",100,0,100,"1",100,"1",100
"1521","Cheruvady BPHC Area","2015-16",8,"2,857","2,333","2,857",81.7,100,"2,826","1,313",98.9,46,"2,861",100.1,"259","0",0,3.4,5,4,1,80,1,20,"0",0,NA,"88",3.1,"93",94.6,98.9,5.4,"0","44",50,NA,50,0,NA,NA,100,"81","2,871",87.1,3087.1,"93",100,0,100,"92",98.9,"14",15.2
"1531","Cheruvannoor BPHC Area","2015-16",8,"3,046","2,444","2,946",80.2,96.7,"2,793","2,605",91.7,85.5,"2,402",78.9,"675","0",0,3.5,0,0,0,NA,0,NA,"0",0,NA,"1,216",39.9,"1,216",100,100,0,"0","332",27.3,NA,27.3,0,NA,NA,100,"1,121","2,618",92.2,215.3,"1,216",100,0,100,"1,216",100,"7",0.6
"1541","Govt Hospital Vatakara","2015-16",8,"834","514","679",61.6,81.4,"427","2,277",51.2,273,"926",111,"112","0",0,8,NA,NA,NA,NA,NA,NA,"76",2,2.6,"1,609",192.9,"1,609",100,100,0,"5","612",38.3,6.6,39.9,4.7,81.6,75,95.3,"1,609","998",100,62,"1,607",99.9,3,99.8,"1,607",100,"101",6.3
"1551","Govt Hospital Koyilandy","2015-16",8,"139","108","139",77.7,100,"137","704",98.6,506.5,"113",81.3,"28","0",0,15.1,NA,NA,NA,NA,NA,NA,"20",0,0,"20",14.4,"20",100,100,0,"1","0",5,5,NA,100,65,0,0,"20","101",100,505,"20",100,0,100,"20",100,"3",15
"1561","Kuttiyady CHC Area","2015-16",8,"3,884","2,909","3,156",74.9,81.3,"3,777","2,323",97.2,59.8,"2,732",70.3,"350","0",0,1.1,0,0,0,NA,0,NA,"408",0,0,"1,538",39.6,"1,538",100,100,0,"158","219",24.5,38.7,19.4,26.5,42.2,5.9,73.5,"1,125","3,453",73.1,224.5,"1,576",102.5,0,100,"1,576",100,"12",0.8
"1571","Medical College Hospital Calicut","2015-16",8,"2,692","1,168","2,229",43.4,82.8,"3,646","4,439",135.4,164.9,"3,510",130.4,"526","47",8.9,7.2,1,0,1,0,0,0,"16,821",0,0,"28,664",1064.8,"28,665",100,100,0,"6,124","5,485",40.5,36.4,46.3,58.7,55.2,0,41.3,"27,235","4,786",95,16.7,"28,676",100,482,98.3,"28,675",100,"5,800",20.2
"1581","Melady BPHC Area","2015-16",8,"2,727","2,300","2,722",84.3,99.8,"2,442","1,707",89.5,62.6,"2,023",74.2,"228","0",0,1.6,0,0,0,NA,0,NA,"0",0,NA,"0",0,"0",NA,NA,NA,"0","0",NA,NA,NA,NA,NA,NA,NA,"0","2,313",NA,NA,"0",NA,0,NA,"0",NA,"0",NA
"1591","Mukkom CHC Area","2015-16",8,"2,357","1,892","2,152",80.3,91.3,"2,179","2,055",92.4,87.2,"2,140",90.8,"270","1",0.4,1.6,5,1,4,20,0,0,"0",0,NA,"2,158",91.6,"2,163",99.8,99.8,0.2,"0","725",33.6,NA,33.6,0,NA,NA,100,"2,133","4,026",98.6,186.1,"2,172",100.4,7,99.7,"2,171",100,"84",3.9
"1601","Narikkunni CHC Area","2015-16",8,"5,937","4,261","5,884",71.8,99.1,"4,870","4,795",82,80.8,"5,500",92.6,"503","0",0,1.4,0,0,0,NA,0,NA,"2,778",18,0.6,"7,577",127.6,"7,577",100,100,0,"568","1,408",26.1,20.4,29.3,36.7,74.9,0,63.3,"4,807","5,378",63.4,71,"7,619",100.6,9,99.9,"7,619",100,"618",8.1
"1611","Olavanna BPHC Area","2015-16",8,"2,778","2,121","2,778",76.3,100,"2,698","2,317",97.1,83.4,"2,766",99.6,"492","7",1.4,2.1,0,0,0,NA,0,NA,"0",0,NA,"2,844",102.4,"2,844",100,100,0,"0","785",27.6,NA,27.6,0,NA,NA,100,"2,844","2,491",100,87.6,"2,861",100.6,3,99.9,"2,861",100,"112",3.9
"1621","Orkkattery CHC Area","2015-16",8,"2,006","1,552","1,999",77.4,99.7,"1,715","906",85.5,45.2,"1,861",92.8,"380","0",0,2.3,1,0,1,0,0,0,"0",0,NA,"0",0,"1",0,0,100,"0","0",NA,NA,NA,NA,NA,NA,NA,"0","1,728",0,2800,"1",100,0,100,"0",0,"0",NA
"1631","Perambra CHC Area","2015-16",8,"2,775","2,322","2,710",83.7,97.7,"2,332","1,990",84,71.7,"2,350",84.7,"432","0",0,0.9,1,0,1,0,0,0,"356",0,0,"356",12.8,"357",99.7,99.7,0.3,"0","0",0,0,NA,100,36.5,0,0,"357","2,435",100,682.1,"356",99.7,1,99.7,"356",100,"30",8.4
"1641","Thalakkulathur CHC Area","2015-16",8,"2,164","1,624","2,151",75,99.4,"1,998","1,125",92.3,52,"1,932",89.3,"211","0",0,1.1,0,0,0,NA,0,NA,"0",0,NA,"0",0,"0",NA,NA,NA,"0",NA,NA,NA,NA,NA,NA,NA,NA,"9","1,635",NA,NA,"0",NA,0,NA,"0",NA,"0",NA
"1651","Thiruvallur CHC Area","2015-16",8,"2,257","1,703","2,216",75.5,98.2,"2,100","1,107",93,49,"1,592",70.5,"312","4",1.3,0.9,0,0,0,NA,0,NA,"0",0,NA,"66",2.9,"66",100,100,0,"0","8",12.1,NA,12.1,0,NA,NA,100,"66","1,828",100,2769.7,"66",100,0,100,"66",100,"1",1.5
"1661","Thiruvangoor BPHC Area","2015-16",8,"1,523","1,181","1,408",77.5,92.4,"1,319","936",86.6,61.5,"1,503",98.7,"94","0",0,0.9,0,0,0,NA,0,NA,"0",0,NA,"0",0,"0",NA,NA,NA,"0","0",NA,NA,NA,NA,NA,NA,NA,"0","1,239",NA,NA,"0",NA,0,NA,"0",NA,"0",NA
"1671","Ulliyeri CHC Area","2015-16",8,"1,938","1,682","1,932",86.8,99.7,"1,767","948",91.2,48.9,"1,162",60,"289","0",0,1.5,1,1,0,100,0,0,"0",6,NA,"288",14.9,"289",99.7,100,0.3,"0","135",46.9,NA,46.9,0,NA,NA,100,"171","1,640",59.2,567.5,"290",100.3,1,99.7,"290",100,"16",5.5
"1681","Valayam BPHC Area","2015-16",8,"2,363","1,863","2,363",78.8,100,"2,176","790",92.1,33.4,"2,067",87.5,"198","0",0,2.1,0,0,0,NA,0,NA,"0",0,NA,"0",0,"0",NA,NA,NA,"0","0",NA,NA,NA,NA,NA,NA,NA,"2","2,014",NA,NA,"0",NA,0,NA,"0",NA,"0",NA
"1691","W and C Hospital Calicut","2015-16",8,"1,357","775","1,293",57.1,95.3,"1,166","3,657",85.9,269.5,"1,785",131.5,"175","12",6.9,9.4,1,1,0,100,0,0,"4,321",0,0,"8,201",604.3,"8,202",100,100,0,"1,960","2,319",52.2,45.4,59.8,52.7,100,0,47.3,"8,208","7,935",100.1,96.7,"8,258",100.7,3,100,"8,258",100,"617",7.5
"1711","Chungathara BPHCArea","2015-16",9,"5,638","4,824","4,691",85.6,83.2,"5,012","2,807",88.9,49.8,"5,255",93.2,"798","10",1.3,0.6,39,1,38,2.6,1,2.6,"0",0,NA,"1,745",31,"1,784",97.8,97.9,2.2,"0","518",29.7,NA,29.7,0,NA,NA,100,"1,779","6,099",99.7,341.9,"1,784",100,3,99.8,"1,784",100,"160",9
"1721","District Hospital Manjeri","2015-16",9,"2,876","2,098","827",72.9,28.8,"1,876","2,719",65.2,94.5,"2,680",93.2,"977","74",7.6,14.8,13,0,13,0,0,0,"2,893",0,0,"8,252",286.9,"8,265",99.8,99.8,0.2,"520","1,691",26.8,18,31.6,35.1,63.5,0.1,64.9,"8,263","3,765",100,45.6,"8,311",100.6,22,99.7,"8,311",100,"1,052",12.7
"1731","Edavanna BPHCArea","2015-16",9,"5,222","4,549","4,194",87.1,80.3,"4,209","2,121",80.6,40.6,"4,769",91.3,"494","0",0,1,16,0,16,0,0,0,"0",0,NA,"770",14.7,"786",98,98,2,"0","254",33,NA,33,0,NA,NA,100,"787","4,071",100.1,517.9,"788",100.3,0,100,"788",100,"50",6.3
"1741","Kondotty BPHCArea","2015-16",9,"5,350","4,056","4,225",75.8,79,"4,407","3,068",82.4,57.3,"4,351",81.3,"467","18",3.9,4.5,7,1,6,14.3,1,14.3,"0",0,NA,"5,410",101.1,"5,417",99.9,99.9,0.1,"0","907",16.8,NA,16.8,0,NA,NA,100,"5,198","6,471",96,119.5,"5,397",99.6,21,99.6,"5,397",100,"316",5.9
"1751","Kuttippuram BPHCArea","2015-16",9,"4,886","3,907","1,073",80,22,"4,295","3,394",87.9,69.5,"4,113",84.2,"490","6",1.2,1.1,6,0,6,0,0,0,"0",0,NA,"3,836",78.5,"3,842",99.8,99.8,0.2,"0","1,384",36.1,NA,36.1,0,NA,NA,100,"3,840","5,365",99.9,139.6,"3,850",100.2,4,99.9,"3,804",98.8,"217",5.7
"1761","Mankada BPHCArea","2015-16",9,"7,507","6,065","2,278",80.8,30.3,"6,356","7,221",84.7,96.2,"6,808",90.7,"746","15",2,0.5,10,4,6,40,0,0,"0",0,NA,"2,269",30.2,"2,279",99.6,99.7,0.4,"0","1,359",59.9,NA,59.9,0,NA,NA,100,"2,278","6,703",100,294.1,"2,257",99,76,96.7,"2,257",100,"433",19.2
"1771","Marancherry BPHCArea","2015-16",9,"3,402","2,858","1,113",84,32.7,"2,866","1,825",84.2,53.6,"3,025",88.9,"2,266","0",0,2.4,1,1,0,100,0,0,"0",0,NA,"1,884",55.4,"1,885",99.9,100,0.1,"0","543",28.8,NA,28.8,0,NA,NA,100,"1,885","3,684",100,195.4,"1,893",100.4,1,99.9,"1,893",100,"150",7.9
"1781","Melattur BPHCArea","2015-16",9,"5,764","4,706","3,962",81.6,68.7,"4,708","7,258",81.7,125.9,"7,892",136.9,"2,060","6",0.3,11.4,7,0,7,0,0,0,"0",0,NA,"4,762",82.6,"4,769",99.9,99.9,0.1,"0","2,639",55.4,NA,55.4,0,NA,NA,100,"4,639","7,512",97.3,157.5,"4,833",101.3,32,99.3,"4,833",100,"782",16.2
"1791","Neduva BPHCArea","2015-16",9,"6,616","5,198","2,425",78.6,36.7,"5,680","4,312",85.9,65.2,"4,627",69.9,"215","0",0,0.3,13,1,12,7.7,0,0,"0",0,NA,"6,811",102.9,"6,824",99.8,99.8,0.2,"0","1,651",24.2,NA,24.2,0,NA,NA,100,"6,216","5,998",91.1,87.9,"6,860",100.5,16,99.8,"6,860",100,"653",9.5
"1801","Ommannur BPHCArea","2015-16",9,"4,471","3,710","4,119",83,92.1,"3,972","2,367",88.8,52.9,"3,821",85.5,"386","0",0,0.9,6,0,6,0,1,16.7,"0",0,NA,"428",9.6,"434",98.6,98.6,1.4,"0","52",12.1,NA,12.1,0,NA,NA,100,"433","4,024",99.8,927.2,"431",99.3,3,99.3,"424",98.4,"22",5.2
"1811","Pookottur BPHCArea","2015-16",9,"6,220","4,773","2,562",76.7,41.2,"5,023","6,450",80.8,103.7,"11,367",182.7,"2,499","253",10.1,30.9,22,3,19,13.6,0,0,"0",0,NA,"6,859",110.3,"6,881",99.7,99.7,0.3,"0","1,675",24.4,NA,24.4,0,NA,NA,100,"6,575","7,584",95.6,110.2,"6,899",100.3,54,99.2,"6,815",98.8,"1,037",15.2
"1821","THQH Malappuram","2015-16",9,"436","248","47",56.9,10.8,"284","7,662",65.1,1757.3,"492",112.8,"1,626","96",5.9,32.6,NA,NA,NA,NA,NA,NA,"885",0,0,"8,518",1953.7,"8,518",100,100,0,"270","1,904",25.5,30.5,24.9,10.4,20.9,0,89.6,"8,521","4,153",100,48.8,"8,514",100,20,99.8,"8,161",95.9,"639",7.8
"1831","THQH Nilambur","2015-16",9,"88","76","40",86.4,45.5,"71","1,528",80.7,1736.4,"1,252",1422.7,"1,063","0",0,125,NA,NA,NA,NA,NA,NA,"3,583",0,0,"3,729",4237.5,"3,729",100,100,0,"999","68",28.6,27.9,46.6,96.1,56.4,0,3.9,"3,729","199",100,5.3,"3,740",100.3,3,99.9,"3,740",100,"399",10.7
"1841","THQH Perinthalmanna","2015-16",9,"181","145","72",80.1,39.8,"175","4,408",96.7,2435.4,"1,835",1013.8,"795","151",19,139.8,1,0,1,0,0,0,"3,608",0,0,"7,526",4158,"7,527",100,100,0,"1,748","994",36.4,48.4,25.4,47.9,101.4,0,52.1,"7,412","2,753",98.5,36.6,"7,536",100.1,25,99.7,"7,536",100,"600",8
"1851","THQH Ponnani","2015-16",9,"1,136","892","879",78.5,77.4,"1,011","949",89,83.5,"978",86.1,"1,082","78",7.2,4.4,0,0,0,NA,0,NA,"1,635",10,0.6,"1,635",143.9,"1,635",100,100,0,"693",NA,42.4,42.4,NA,100,84.3,0,0,"1,634","1,229",99.9,75.2,"1,646",100.7,0,100,"1,646",100,"109",6.6
"1861","THQH Thiruurangadi","2015-16",9,"170","136","56",80,32.9,"155","4,758",91.2,2798.8,"555",326.5,"638","227",35.6,201.2,NA,NA,NA,NA,NA,NA,"351",0,0,"8,300",4882.4,"8,300",100,100,0,"53","2,385",29.4,15.1,30,4.2,94.3,0,95.8,"8,310","5,983",100.1,72.1,"8,351",100.6,34,99.6,"8,351",100,"1,056",12.6
"1871","THQH Tiruur","2015-16",9,"1,647","1,181","358",71.7,21.7,"1,334","652",81,39.6,"1,265",76.8,"68","113",166.2,0.1,1,0,1,0,0,0,"1,896",0,0,"1,896",115.1,"1,897",99.9,99.9,0.1,"644",NA,34,34,NA,100,40.8,1.3,0,"1,897","1,484",100,78.2,"1,896",99.9,5,99.7,"1,896",100,"107",5.6
"1881","Thavanur BPHCArea","2015-16",9,"3,043","2,696","1,060",88.6,34.8,"2,776","1,584",91.2,52.1,"2,325",76.4,"56","5",8.9,2.5,1,0,1,0,0,0,"215",0,0,"3,864",127,"3,865",100,100,0,"122","1,596",44.5,56.7,43.7,5.6,51.6,0,94.4,"3,864","4,649",100,120.3,"3,960",102.5,33,99.2,"3,959",100,"905",22.9
"1891","Valavannur BPHCArea","2015-16",9,"7,554","5,957","3,076",78.9,40.7,"6,523","2,161",86.4,28.6,"6,888",91.2,"237","0",0,0.4,38,2,36,5.3,0,0,"0",0,NA,"1,226",16.2,"1,264",97,97.2,3,"0","331",27,NA,27,0,NA,NA,100,"1,259","6,279",99.6,496.8,"1,263",99.9,1,99.9,"1,263",100,"144",11.4
"1901","Vengara BPHCArea","2015-16",9,"7,840","6,163","900",78.6,11.5,"6,501","1,644",82.9,21,"6,759",86.2,"157","0",0,2.6,17,3,14,17.6,0,0,"0",0,NA,"999",12.7,"1,016",98.3,98.6,1.7,"0","117",11.7,NA,11.7,0,NA,NA,100,"1,056","6,547",103.9,644.4,"1,014",99.8,3,99.7,"1,014",100,"85",8.4
"1911","Vettom BPHCArea","2015-16",9,"4,997","3,981","1,974",79.7,39.5,"3,291","1,547",65.9,31,"4,012",80.3,"595","9",1.5,5.3,3,0,3,0,0,0,"0",0,NA,"1,361",27.2,"1,364",99.8,99.8,0.2,"0","497",36.5,NA,36.5,0,NA,NA,100,"1,366","3,787",100.1,277.6,"1,384",101.5,8,99.4,"1,384",100,"236",17.1
"1921","Wandoor BPHCArea","2015-16",9,"7,261","5,900","7,104",81.3,97.8,"6,478","4,678",89.2,64.4,"6,840",94.2,"594","44",7.4,3,9,0,9,0,1,11.1,"83",0,0,"4,240",58.4,"4,249",99.8,99.8,0.2,"0","1,155",27.2,0,27.8,2,37.3,0,98,"4,274","7,801",100.6,183.6,"4,260",100.3,6,99.9,"4,259",100,"338",7.9
"1941","Agali CHCArea","2015-16",10,"998","685","905",68.6,90.7,"1,095","578",109.7,57.9,"855",85.7,"103","0",0,0.9,23,1,22,4.3,1,4.3,"4",1,25,"116",11.6,"139",83.5,84.2,16.5,"0","39",33.6,0,34.8,3.4,175,0,96.6,"129","932",92.8,670.5,"136",97.8,3,97.8,"136",100,"32",23.5
"1951","Alanellur CHCArea","2015-16",10,"5,880","4,248","2,755",72.2,46.9,"5,058","3,745",86,63.7,"1,843",31.3,"259","0",0,0.4,22,5,17,22.7,0,0,"0",0,NA,"5,014",85.3,"5,036",99.6,99.7,0.4,"0","1,595",31.8,NA,31.8,0,NA,NA,100,"5,035","6,401",100,127.1,"5,069",100.7,7,99.9,"5,069",100,"587",11.6
"1961","Ambalappara CHCArea","2015-16",10,"2,126","1,692","822",79.6,38.7,"1,923","2,180",90.5,102.5,"1,988",93.5,"159","4",2.5,1.6,1,0,1,0,0,0,"0",0,NA,"3,398",159.8,"3,399",100,100,0,"0","1,090",32.1,NA,32.1,0,NA,NA,100,"3,399","4,795",100,141.1,"3,421",100.6,10,99.7,"3,421",100,"396",11.6
"1971","Chalavara CHCArea","2015-16",10,"2,432","1,600","752",65.8,30.9,"2,171","1,552",89.3,63.8,"2,127",87.5,"116","0",0,0.1,0,0,0,NA,0,NA,"0",0,NA,"0",0,"0",NA,NA,NA,"0",NA,NA,NA,NA,NA,NA,NA,NA,"0","2,078",NA,NA,"0",NA,0,NA,"0",NA,"0",NA
"1981","Chalissery CHCArea","2015-16",10,"3,522","2,776","1,207",78.8,34.3,"3,019","3,072",85.7,87.2,"2,516",71.4,"301","5",1.7,5.3,0,0,0,NA,0,NA,"0",0,NA,"2,263",64.3,"2,263",100,100,0,"0","532",23.5,NA,23.5,0,NA,NA,100,"2,263","2,679",100,118.4,"2,265",100.1,9,99.6,"2,237",98.8,"196",8.8
"1991","District Hospital Palakkad","2015-16",10,"1,182","739","512",62.5,43.3,"717","999",60.7,84.5,"761",64.4,"2,245","63",2.8,29.5,0,0,0,NA,0,NA,"5,629",0,0,"13,421",1135.4,"13,421",100,100,0,"2,107","2,956",37.7,37.4,37.9,41.9,46,2.1,58.1,"13,421","12,865",100,95.9,"13,489",100.5,25,99.8,"13,489",100,"1,349",10
"2001","Katampazhipuram CHCArea","2015-16",10,"2,777","2,439","1,495",87.8,53.8,"2,346","2,770",84.5,99.7,"2,184",78.6,"729","4",0.5,0.2,3,2,1,66.7,0,0,"0",0,NA,"1,160",41.8,"1,163",99.7,99.9,0.3,"0","298",25.7,NA,25.7,0,NA,NA,100,"1,161","1,897",99.8,163.1,"1,163",100,2,99.8,"1,163",100,"79",6.8
"2011","Koduvayoor CHCArea","2015-16",10,"3,310","2,888","2,357",87.3,71.2,"3,078","2,862",93,86.5,"2,935",88.7,"128","0",0,0.4,11,2,9,18.2,0,0,"2",1,50,"291",8.8,"302",96.4,97,3.6,"0","144",49.5,0,49.8,0.7,0,50,99.3,"298","2,948",98.7,976.2,"302",100,2,99.3,"302",100,"63",20.9
"2021","Kongad CHCArea","2015-16",10,"2,565","2,183","1,029",85.1,40.1,"2,318","1,960",90.4,76.4,"2,129",83,"717","0",0,1.2,5,0,5,0,0,0,"0",0,NA,"0",0,"5",0,0,100,"0","0",NA,NA,NA,NA,NA,NA,NA,"3","2,119",60,2380,"5",100,0,100,"5",100,"2",40
"2031","Koppam CHCArea","2015-16",10,"4,534","3,466","1,586",76.4,35,"3,969","4,489",87.5,99,"3,937",86.8,"1,842","0",0,0.7,4,0,4,0,0,0,"0",0,NA,"2,466",54.4,"2,470",99.8,99.8,0.2,"0","805",32.6,NA,32.6,0,NA,NA,100,"2,469","5,765",100,233.4,"2,479",100.4,3,99.9,"2,479",100,"304",12.3
"2041","Kozhinjanpara CHC Area","2015-16",10,NA,NA,NA,NA,NA,NA,NA,NA,NA,NA,NA,NA,NA,NA,NA,NA,NA,NA,NA,NA,NA,NA,NA,NA,NA,NA,NA,NA,NA,NA,NA,NA,NA,NA,NA,NA,NA,NA,NA,NA,NA,NA,NA,NA,NA,NA,NA,NA,NA,NA,NA
"2051","Kuzhalmannam CHCArea","2015-16",10,"2,959","2,400","1,389",81.1,46.9,"2,512","2,372",84.9,80.2,"1,515",51.2,"188","0",0,0.3,8,2,6,25,0,0,"0",0,NA,"1,008",34.1,"1,016",99.2,99.4,0.8,"0","425",42.2,NA,42.2,0,NA,NA,100,"1,015","2,980",99.9,293.3,"1,029",101.3,4,99.6,"1,029",100,"180",17.5
"2061","Nanniyode CHCArea","2015-16",10,"1,808","1,506","1,630",83.3,90.2,"1,653","1,472",91.4,81.4,"861",47.6,"24","0",0,0.7,6,1,5,16.7,0,0,"0",5,NA,"476",26.3,"482",98.8,99,1.2,"0","184",38.7,NA,38.7,0,NA,NA,100,"482","1,547",100,321,"482",100,0,100,"481",99.8,"62",12.9
"2071","Nemmara CHCArea","2015-16",10,NA,NA,NA,NA,NA,NA,NA,NA,NA,NA,NA,NA,NA,NA,NA,NA,NA,NA,NA,NA,NA,NA,NA,NA,NA,NA,NA,NA,NA,NA,NA,NA,NA,NA,NA,NA,NA,NA,NA,NA,NA,NA,NA,NA,NA,NA,NA,NA,NA,NA,NA
"2081","Parli CHCArea","2015-16",10,"1,627","1,336","851",82.1,52.3,"1,568","1,241",96.4,76.3,"439",27,"141","0",0,0.9,2,0,2,0,0,0,"0",0,NA,"76",4.7,"78",97.4,97.4,2.6,"0","40",52.6,NA,52.6,0,NA,NA,100,"77","1,456",98.7,1866.7,"76",97.4,2,97.4,"76",100,"2",2.6
"2091","Pazhampalakkode CHCArea","2015-16",10,"2,618","2,318","1,127",88.5,43,"2,416","1,490",92.3,56.9,"1,338",51.1,"322","0",0,0.3,2,0,2,0,0,0,"0",0,NA,"1",0,"3",33.3,33.3,66.7,"0","1",100,NA,100,0,NA,NA,100,"2","2,458",66.7,1933.3,"3",100,0,100,"3",100,"2",66.7
"2101","Shornur CHC Area","2015-16",10,"7","4","4",57.1,57.1,"0","2",0,28.6,"0",0,"1",NA,0,0,0,0,0,NA,0,NA,"0",0,NA,"0",0,"0",NA,NA,NA,"0",NA,NA,NA,NA,NA,NA,NA,NA,"0","3",NA,NA,"0",NA,0,NA,"0",NA,"0",NA
"2111","THQH Alathoor","2015-16",10,"0","0","0",NA,NA,"0","544",NA,NA,"244",NA,"154","7",4.5,NA,NA,NA,NA,NA,NA,NA,"526",0,0,"1,338",NA,"1,338",100,100,0,"145","247",29.3,27.6,30.4,39.3,0,0,60.7,"1,338","477",100,35.7,"1,344",100.4,2,99.9,"1,344",100,"151",11.2
"2121","THQH Chittur","2015-16",10,"241","168","159",69.7,66,"266","200",110.4,83,"180",74.7,"376","16",4.3,0,0,0,0,NA,0,NA,"77",0,0,"77",32,"77",100,100,0,"25","0",32.5,32.5,NA,100,10.4,0,0,"82","191",106.5,248.1,"77",100,0,100,"77",100,"15",19.5
"2131","THQH Mannarkkad","2015-16",10,"0","0","0",NA,NA,"0","502",NA,NA,"257",NA,"186","0",0,NA,NA,NA,NA,NA,NA,NA,"916",0,0,"1,060",NA,"1,060",100,100,0,"389","101",46.2,42.5,70.1,86.4,42.5,0,13.6,"1,060","673",100,63.5,"1,059",99.9,7,99.3,"1,051",99.2,"159",15.1
"2141","THQH Ottappalam","2015-16",10,"78","58","11",74.4,14.1,"42","1,772",53.8,2271.8,"23",29.5,"99","0",0,5.1,1,0,1,0,0,0,"1,835",0,0,"4,665",5980.8,"4,666",100,100,0,"625","981",34.4,34.1,34.7,39.3,3.3,0,60.7,"4,666","1,337",100,28.7,"4,703",100.8,1,100,"4,703",100,"547",11.6
"2151","THQH Pattambi","2015-16",10,"0","0","0",NA,NA,"0","21",NA,NA,"0",NA,"0","0",NA,NA,NA,NA,NA,NA,NA,NA,"12",0,0,"12",NA,"12",100,100,0,"0",NA,0,0,NA,100,66.7,0,0,"12","5",100,41.7,"12",100,0,100,"12",100,"3",25
"2161","Vadakkencherry CHCArea","2015-16",10,"2,335","1,925","889",82.4,38.1,"2,208","1,514",94.6,64.8,"382",16.4,"116","0",0,0.3,7,0,7,0,1,14.3,"0",0,NA,"0",0,"7",0,0,100,"0","0",NA,NA,NA,NA,NA,NA,NA,"7","2,074",100,9628.6,"7",100,0,100,"6",85.7,"4",66.7
"2181","Chathenkery CHCArea","2015-16",11,"1,215","985","967",81.1,79.6,"1,148","658",94.5,54.2,"1,139",93.7,"29","0",0,0.9,0,0,0,NA,0,NA,"0",0,NA,"536",44.1,"536",100,100,0,"0","187",34.9,NA,34.9,0,NA,NA,100,"536","1,153",100,215.1,"541",100.9,1,99.8,"541",100,"64",11.8
"2191","Dist Hosp Kozhencherry","2015-16",11,"142","118","64",83.1,45.1,"138","1,354",97.2,953.5,"125",88,"306","0",0,18.3,NA,NA,NA,NA,NA,NA,"514",0,0,"1,595",1123.2,"1,595",100,100,0,"230","805",64.9,44.7,74.5,32.2,84.4,0,67.8,"1,595","1,441",100,90.3,"1,607",100.8,2,99.9,"1,607",100,"184",11.4
"2201","Elanthoor CHCArea","2015-16",11,"1,251","979","1,231",78.3,98.4,"1,331","490",106.4,39.2,"1,231",98.4,"27","0",0,1.6,0,0,0,NA,0,NA,"0",0,NA,"0",0,"0",NA,NA,NA,"0",NA,NA,NA,NA,NA,NA,NA,NA,"0","1,032",NA,NA,"0",NA,0,NA,"0",NA,"0",NA
"2211","Enadimangalam CHCArea","2015-16",11,"2,534","2,009","2,533",79.3,100,"2,311","2,207",91.2,87.1,"2,700",106.6,"238","1",0.4,2.6,1,0,1,0,0,0,"0",0,NA,"2,385",94.1,"2,386",100,100,0,"0","1,687",70.7,NA,70.7,0,NA,NA,100,"2,386","4,745",100,198.9,"2,478",103.9,4,99.8,"2,478",100,"448",18.1
"2221","Ezhumattoor CHCArea","2015-16",11,"568","414","427",72.9,75.2,"533","244",93.8,43,"513",90.3,"8","0",0,0.2,0,0,0,NA,0,NA,"0",0,NA,"0",0,"0",NA,NA,NA,"0",NA,NA,NA,NA,NA,NA,NA,NA,"0","524",NA,NA,"0",NA,1,0,"0",NA,"0",NA
"2231","GH Adoor","2015-16",11,"45","30","45",66.7,100,"53","492",117.8,1093.3,"43",95.6,"901","11",1.2,8.9,NA,NA,NA,NA,NA,NA,"1,001",0,0,"1,001",2224.4,"1,001",100,100,0,"420",NA,42,42,NA,100,65.7,0,0,"1,001","1,065",100,106.4,"1,001",100,0,100,"1,001",100,"154",15.4
"2241","General Hosp Pathanamthitta","2015-16",11,"166","108","166",65.1,100,"402","304",242.2,183.1,"415",250,"44","10",22.7,15.7,NA,NA,NA,NA,NA,NA,"1,220",0,0,"2,170",1307.2,"2,170",100,100,0,"805","658",67.4,66,69.3,56.2,33.6,1.9,43.8,"2,170","2,170",100,100,"2,189",100.9,1,100,"2,189",100,"212",9.7
"2251","Kanjeettukara CHCArea","2015-16",11,"558","439","554",78.7,99.3,"589","176",105.6,31.5,"504",90.3,"14","0",0,1.4,0,0,0,NA,0,NA,"0",0,NA,"8",1.4,"8",100,100,0,"0","1",12.5,NA,12.5,0,NA,NA,100,"5","536",62.5,6700,"8",100,0,100,"7",87.5,"1",14.3
"2261","Konni CHCArea","2015-16",11,"1,476","1,203","1,469",81.5,99.5,"1,475","638",99.9,43.2,"1,459",98.8,"36","0",0,0.7,0,0,0,NA,0,NA,"0",0,NA,"82",5.6,"82",100,100,0,"0","55",67.1,NA,67.1,0,NA,NA,100,"82","1,437",100,1752.4,"83",101.2,0,100,"83",100,"3",3.6
"2271","Kunnanthanam BPHC Area","2015-16",11,"1,259","988","1,257",78.5,99.8,"1,153","554",91.6,44,"1,109",88.1,"34","0",0,1.3,0,0,0,NA,0,NA,"0",0,NA,"0",0,"0",NA,NA,NA,"0",NA,NA,NA,NA,NA,NA,NA,NA,"0","1,169",NA,NA,"0",NA,0,NA,"0",NA,"0",NA
"2281","THQH Tiruvalla","2015-16",11,"223","178","90",79.8,40.4,"211","2,026",94.6,908.5,"190",85.2,"60","3",5,1.3,0,0,0,NA,0,NA,"376",0,0,"3,651",1637.2,"3,651",100,100,0,"181","1,700",51.5,48.1,51.9,10.3,64.4,0,89.7,"3,651","3,345",100,91.6,"3,707",101.5,16,99.6,"3,707",100,"502",13.5
"2291","Thumpamon CHCArea","2015-16",11,"718","563","718",78.4,100,"659","1,249",91.8,174,"652",90.8,"55","0",0,12,0,0,0,NA,0,NA,"0",0,NA,"1,716",239,"1,716",100,100,0,"0","1,064",62,NA,62,0,NA,NA,100,"1,716","2,353",100,137.1,"1,728",100.7,5,99.7,"1,728",100,"172",10
"2301","Vallana CHCArea","2015-16",11,"704","559","584",79.4,83,"706","233",100.3,33.1,"684",97.2,"30","0",0,1.1,0,0,0,NA,0,NA,"0",0,NA,"0",0,"0",NA,NA,NA,"0","0",NA,NA,NA,NA,NA,NA,NA,"0","650",NA,NA,"0",NA,0,NA,"0",NA,"0",NA
"2311","Vechoochira CHCArea","2015-16",11,"1,770","1,531","1,720",86.5,97.2,"1,888","1,185",106.7,66.9,"1,709",96.6,"39","0",0,0.3,8,1,7,12.5,1,12.5,"269",0,0,"470",26.6,"478",98.3,98.5,1.7,"101","131",49.4,37.5,65.2,57.2,24.9,0,42.8,"478","1,874",100,392.1,"479",100.2,0,100,"479",100,"59",12.3
"2331","Anchuthengu CHCArea","2015-16",12,"1,272","1,092","1,272",85.8,100,"1,238","348",97.3,27.4,"357",28.1,"5","0",0,0.2,1,0,1,0,0,0,"0",0,NA,"0",0,"1",0,0,100,"0","0",NA,NA,NA,NA,NA,NA,NA,"4","1,138",400,3800,"1",100,0,100,"0",0,"0",NA
"2341","Ayurveda College Hospital For Women and Children P","2015-16",12,"70","45","18",64.3,25.7,"46","30",65.7,42.9,"70",100,"0","0",NA,0,NA,NA,NA,NA,NA,NA,"0",0,NA,"539",770,"539",100,100,0,"0","314",58.3,NA,58.3,0,NA,NA,100,"499","302",92.6,56,"539",100,0,100,"539",100,"6",1.1
"2351","CHC Attingal","2015-16",12,"652","424","652",65,100,"612","874",93.9,134,"4",0.6,"2","0",0,0.3,NA,NA,NA,NA,NA,NA,"0",0,NA,"1,130",173.3,"1,130",100,100,0,"0","472",41.8,NA,41.8,0,NA,NA,100,"1,162","2",102.8,0.2,"1,172",103.7,0,100,"1,172",100,"2",0.2
"2361","CHC Fort Hospital","2015-16",12,"876","520","856",59.4,97.7,"972","854",111,97.5,"968",110.5,"12","0",0,0,NA,NA,NA,NA,NA,NA,"0",0,NA,"1,574",179.7,"1,574",100,100,0,"0","836",53.1,NA,53.1,0,NA,NA,100,"1,574","1,239",100,78.7,"1,581",100.4,0,100,"1,581",100,"65",4.1
"2371","CHC Nemom","2015-16",12,"238","166","238",69.7,100,"200","220",84,92.4,"220",92.4,"0","0",NA,0,NA,NA,NA,NA,NA,NA,"0",0,NA,"0",0,"0",NA,NA,NA,"0",NA,NA,NA,NA,NA,NA,NA,NA,"0","68",NA,NA,"0",NA,0,NA,"0",NA,"0",NA
"2381","CHC Palode","2015-16",12,"20","19","20",95,100,"22","51",110,255,"19",95,"0","0",NA,0,NA,NA,NA,NA,NA,NA,"0",0,NA,"0",0,"0",NA,NA,NA,"0",NA,NA,NA,NA,NA,NA,NA,NA,"0","9",NA,NA,"0",NA,0,NA,"0",NA,"0",NA
"2391","CHC Varkala","2015-16",12,"972","662","540",68.1,55.6,"802","1,766",82.5,181.7,"794",81.7,"137","31",22.6,5.1,NA,NA,NA,NA,NA,NA,"0",0,NA,"313",32.2,"313",100,100,0,"0","146",46.6,NA,46.6,0,NA,NA,100,"1,153","1,056",368.4,337.4,"1,153",368.4,0,100,"1,153",100,"105",9.1
"2401","District Model Hospital Peroorkada","2015-16",12,"121","16","10",13.2,8.3,"60","945",49.6,781,"57",47.1,"123","2",1.6,77.7,NA,NA,NA,NA,NA,NA,"712",0,0,"1,807",1493.4,"1,807",100,100,0,"272","798",59.2,38.2,72.9,39.4,77.1,0,60.6,"1,699","177",94,9.8,"1,815",100.4,1,99.9,"1,815",100,"106",5.8
"2411","General Hospital Thiruvananthapuram","2015-16",12,"1,528","758","676",49.6,44.2,"1,464","213",95.8,13.9,"495",32.4,"46","0",0,0.5,1,0,1,0,0,0,"0",0,NA,"0",0,"1",0,0,100,"0",NA,NA,NA,NA,NA,NA,NA,NA,"30","375",3000,7500,"1",100,0,100,"1",100,"1",100
"2421","Kallara CHCArea","2015-16",12,"1,038","945","972",91,93.6,"1,025","444",98.7,42.8,"1,053",101.4,"28","0",0,0.8,0,0,0,NA,0,NA,"0",0,NA,"0",0,"0",NA,NA,NA,"0","0",NA,NA,NA,NA,NA,NA,NA,"0","941",NA,NA,"0",NA,0,NA,"0",NA,"0",NA
"2431","Kanyakulangara CHCArea","2015-16",12,"2,155","1,736","1,898",80.6,88.1,"1,964","841",91.1,39,"1,444",67,"15","0",0,1.1,0,0,0,NA,0,NA,"199",2,1,"199",9.2,"199",100,100,0,"38","0",19.1,19.1,NA,100,42.2,0,0,"185","1,816",93,912.6,"181",91,0,100,"181",100,"15",8.3
"2441","Kesavapuram CHC Area","2015-16",12,"3,020","2,746","2,994",90.9,99.1,"2,722","1,109",90.1,36.7,"2,303",76.3,"10","0",0,0.2,2,1,1,50,0,0,"1",1,100,"128",4.2,"130",98.5,99.2,1.5,"0","37",28.9,0,29.1,0.8,0,0,99.2,"118","2,669",90.8,2053.1,"129",99.2,1,99.2,"129",100,"0",0
"2451","MCH Unit Pangappara","2015-16",12,NA,NA,NA,NA,NA,NA,NA,NA,NA,NA,NA,NA,NA,NA,NA,NA,NA,NA,NA,NA,NA,NA,NA,NA,NA,NA,NA,NA,NA,NA,NA,NA,NA,NA,NA,NA,NA,NA,NA,NA,NA,NA,NA,NA,NA,NA,NA,NA,NA,NA,NA
"2461","Manamboor CHC Area","2015-16",12,"3,617","2,687","2,103",74.3,58.1,"3,090","1,066",85.4,29.5,"4,383",121.2,"184","3",1.6,2.6,4,0,4,0,0,0,"0",0,NA,"652",18,"656",99.4,99.4,0.6,"0","378",58,NA,58,0,NA,NA,100,"653","3,532",99.5,538.4,"690",105.2,0,100,"689",99.9,"131",19
"2471","Perumkadavilla CHC Area","2015-16",12,"1,592","1,448","1,416",91,88.9,"1,422","545",89.3,34.2,"1,042",65.5,"16","0",0,1.6,0,0,0,NA,0,NA,"0",0,NA,"0",0,"0",NA,NA,NA,"0","0",NA,NA,NA,NA,NA,NA,NA,"0","1,382",NA,NA,"0",NA,0,NA,"0",NA,"0",NA
"2481","Poonthura CHC Area","2015-16",12,"1,457","1,085","1,251",74.5,85.9,"1,513","398",103.8,27.3,"912",62.6,"59","0",0,1.9,0,0,0,NA,0,NA,"0",0,NA,"2,276",156.2,"2,276",100,100,0,"0","1,075",47.2,NA,47.2,0,NA,NA,100,"2,282","1,528",100.3,67.1,"2,310",101.5,0,100,"2,310",100,"258",11.2
"2491","Poovar CHC Area","2015-16",12,"2,445","2,208","2,243",90.3,91.7,"2,217","1,039",90.7,42.5,"512",20.9,"19","0",0,0.2,0,0,0,NA,0,NA,"0",0,NA,"29",1.2,"29",100,100,0,"0","0",0,NA,0,0,NA,NA,100,"29","2,162",100,7455.2,"29",100,0,100,"29",100,"2",6.9
"2501","Pulluvilla CHC Area","2015-16",12,"731","643","731",88,100,"773","329",105.7,45,"579",79.2,"58","0",0,1.5,1,1,0,100,1,100,"0",0,NA,"17",2.3,"18",94.4,100,5.6,"0","14",82.4,NA,82.4,0,NA,NA,100,"18","662",100,3677.8,"18",100,0,100,"18",100,"0",0
"2511","Puthenthope CHC Area","2015-16",12,"2,893","2,331","1,201",80.6,41.5,"2,749","975",95,33.7,"2,562",88.6,"32","0",0,0.4,2,1,1,50,0,0,"0",0,NA,"506",17.5,"508",99.6,99.8,0.4,"0","174",34.4,NA,34.4,0,NA,NA,100,"452","2,802",89,551.6,"508",100,0,100,"508",100,"46",9.1
"2521","SAT Hospital Thiruvananthapuram","2015-16",12,"101","53","95",52.5,94.1,"83","4,531",82.2,4486.1,"0",0,"3,516","166",4.7,795,NA,NA,NA,NA,NA,NA,"9,091",0,0,"13,817",3680.2,"13,817",100,100,0,"3,768","2,584",46,41.4,54.7,65.8,40.1,0,34.2,"13,426","5,604",97.2,40.6,"13,887",100.5,249,98.2,"13,887",100,"4,054",29.2
"2531","Taluk Hospital Chirayinkeezhu","2015-16",12,"61","57","59",93.4,96.7,"63","1,055",103.3,1729.5,"901",1477,"0","0",NA,104.9,NA,NA,NA,NA,NA,NA,"2,120",49,2.3,"2,288",3750.8,"2,288",100,100,0,"689","51",32.3,32.5,30.4,92.7,87.2,0,7.3,"2,288","2,234",100,97.6,"2,294",100.3,0,100,"2,294",100,"358",15.6
"2541","Taluk Hospital Nedumangadu","2015-16",12,"415","258","415",62.2,100,"262","1,469",63.1,354,"863",208,"718","0",0,11.1,NA,NA,NA,NA,NA,NA,"1,737",0,0,"2,148",517.6,"2,148",100,100,0,"685","170",39.8,39.4,41.4,80.9,74.7,0,19.1,"2,109","1,987",98.2,92.5,"2,148",100,2,99.9,"2,148",100,"121",5.6
"2551","Taluk Hospital Neyyattinkara","2015-16",12,"182","132","160",72.5,87.9,"157","1,551",86.3,852.2,"345",189.6,"0","0",NA,0,NA,NA,NA,NA,NA,NA,"1,386",0,0,"1,900",1044,"1,900",100,100,0,"592","297",46.8,42.7,57.8,72.9,81.2,0,27.1,"1,806","433",95.1,22.8,"1,906",100.3,0,100,"1,906",100,"271",14.2
"2561","Taluk Hospital Parassala","2015-16",12,"265","145","166",54.7,62.6,"204","227",77,85.7,"161",60.8,"935","30",3.2,0.4,NA,NA,NA,NA,NA,NA,"955",0,0,"1,012",381.9,"1,012",100,100,0,"396","44",43.5,41.5,77.2,94.4,78.7,0,5.6,"1,010","989",99.8,97.7,"1,015",100.3,0,100,"1,013",99.8,"105",10.4
"2571","Vakkom CHC Area","2015-16",12,"1,058","950","648",89.8,61.2,"1,025","159",96.9,15,"797",75.3,"12","0",0,1,0,0,0,NA,0,NA,"0",0,NA,"320",30.2,"320",100,100,0,"0","183",57.2,NA,57.2,0,NA,NA,100,"273","1,078",85.3,336.9,"320",100,1,99.7,"320",100,"0",0
"2581","Vamanapuram BPHC Area","2015-16",12,"1,342","1,202","1,250",89.6,93.1,"1,391","1,141",103.7,85,"1,345",100.2,"30","0",0,0.3,0,0,0,NA,0,NA,"0",0,NA,"1,518",113.1,"1,518",100,100,0,"0","584",38.5,NA,38.5,0,NA,NA,100,"1,387","1,320",91.4,87,"1,517",99.9,3,99.8,"1,517",100,"203",13.4
"2591","Vellanad CHC Area","2015-16",12,"3,018","2,002","1,510",66.3,50,"2,442","1,371",80.9,45.4,"1,851",61.3,"151","0",0,0,5,1,4,20,0,0,"0",0,NA,"341",11.3,"346",98.6,98.8,1.4,"0","200",58.7,NA,58.7,0,NA,NA,100,"342","1,803",98.8,521.1,"345",99.7,1,99.7,"345",100,"35",10.1
"2601","Vellarada CHC Area","2015-16",12,"1,295","1,118","1,029",86.3,79.5,"1,170","1,019",90.3,78.7,"2,330",179.9,"233","19",8.2,5.6,3,2,1,66.7,0,0,"2",1,50,"1,063",82.1,"1,066",99.7,99.9,0.3,"0","421",39.6,0,39.7,0.2,0,0,99.8,"1,065","1,493",99.9,140.1,"1,064",99.8,2,99.8,"1,064",100,"0",0
"2611","Venpakal CHC Area","2015-16",12,"754","644","741",85.4,98.3,"631","249",83.7,33,"623",82.6,"21","0",0,0.4,0,0,0,NA,0,NA,"0",0,NA,"86",11.4,"86",100,100,0,"0","28",32.6,NA,32.6,0,NA,NA,100,"86","719",100,836,"86",100,0,100,"86",100,"1",1.2
"2621","Vilappil CHC Area","2015-16",12,"3,780","3,322","2,691",87.9,71.2,"3,186","1,984",84.3,52.5,"2,500",66.1,"59","0",0,0.7,0,0,0,NA,0,NA,"0",0,NA,"0",0,"0",NA,NA,NA,"0","0",NA,NA,NA,NA,NA,NA,NA,"0","3,467",NA,NA,"0",NA,0,NA,"0",NA,"0",NA
"2631","Vithura CHC Area","2015-16",12,"1,334","1,146","1,123",85.9,84.2,"1,280","683",96,51.2,"1,191",89.3,"13","0",0,0.1,2,0,2,0,0,0,"2",2,100,"2",0.1,"4",50,50,50,"0","0",0,0,NA,100,0,0,0,"22","1,141",550,8525,"4",100,0,100,"4",100,"1",25
"2641","Vizhinjam CHC Area","2015-16",12,"1,524","1,237","1,206",81.2,79.1,"1,424","464",93.4,30.4,"1,433",94,"19","0",0,0.9,0,0,0,NA,0,NA,"0",0,NA,"10",0.7,"10",100,100,0,"0","4",40,NA,40,0,NA,NA,100,"9","1,433",90,4330,"10",100,0,100,"10",100,"1",10
"2651","Women and Children s Hospital Thycadu","2015-16",12,"72","46","70",63.9,97.2,"55","3,961",76.4,5501.4,"2,402",3336.1,"4,006","29",0.7,129.2,NA,NA,NA,NA,NA,NA,"6,413",0,0,"8,081",1223.6,"8,081",100,100,0,"2,065","889",36.6,32.2,53.3,79.4,29.5,0,20.6,"7,355","3,974",91,49.2,"8,139",100.7,21,99.7,"8,139",100,"955",11.7
"2671","Alapad CHCArea","2015-16",13,"1,411","1,177","533",83.4,37.8,"1,314","452",93.1,32,"1,026",72.7,"7","0",0,0.1,0,0,0,NA,0,NA,"0",0,NA,"2",0.1,"2",100,100,0,"0","1",50,NA,50,0,NA,NA,100,"2","1,055",100,2750,"2",100,0,100,"2",100,"0",0
"2681","Aloor BPHCArea","2015-16",13,"1,498","1,272","641",84.9,42.8,"1,422","757",94.9,50.5,"692",46.2,"7","0",0,0.3,0,0,0,NA,0,NA,"0",0,NA,"983",65.6,"983",100,100,0,"0","211",21.5,NA,21.5,0,NA,NA,100,"983","2,271",100,231,"978",99.5,6,99.4,"978",100,"90",9.2
"2691","Anandapuram CHCArea","2015-16",13,"1,599","1,319","640",82.5,40,"1,533","1,432",95.9,89.6,"389",24.3,"30","0",0,0.3,0,0,0,NA,0,NA,"0",0,NA,"1,746",109.2,"1,746",100,100,0,"0","912",52.2,NA,52.2,0,NA,NA,100,"1,746","1,420",100,81.3,"1,752",100.3,3,99.8,"1,752",100,"159",9.1
"2701","Chelakkara CHCArea","2015-16",13,NA,NA,NA,NA,NA,NA,NA,NA,NA,NA,NA,NA,NA,NA,NA,NA,NA,NA,NA,NA,NA,NA,NA,NA,NA,NA,NA,NA,NA,NA,NA,NA,NA,NA,NA,NA,NA,NA,NA,NA,NA,NA,NA,NA,NA,NA,NA,NA,NA,NA,NA
"2711","Cherpu CHCArea","2015-16",13,"0","0","0",NA,NA,"0","14",NA,NA,"0",NA,"0","0",NA,NA,NA,NA,NA,NA,NA,NA,"0",0,NA,"0",NA,"0",NA,NA,NA,"0",NA,NA,NA,NA,NA,NA,NA,NA,"0","0",NA,NA,"0",NA,0,NA,"0",NA,"0",NA
"2721","Elinjipra CHCArea","2015-16",13,"1,234","1,004","417",81.4,33.8,"1,170","397",94.8,32.2,"614",49.8,"0","0",NA,0,9,0,9,0,0,0,"0",0,NA,"0",0,"9",0,0,100,"0",NA,NA,NA,NA,NA,NA,NA,NA,"9","1,056",100,1733.3,"9",100,0,100,"9",100,"3",33.3
"2731","Erumapetty CHCArea","2015-16",13,"3,342","2,651","1,320",79.3,39.5,"3,128","1,972",93.6,59,"1,600",47.9,"0","0",NA,0,0,0,0,NA,0,NA,"0",0,NA,"0",0,"0",NA,NA,NA,"0",NA,NA,NA,NA,NA,NA,NA,NA,"0","2,891",NA,NA,"0",NA,0,NA,"0",NA,"0",NA
"2741","GH Irinjalakuda","2015-16",13,"101","72","35",71.3,34.7,"40","64",39.6,63.4,"0",0,"0","0",NA,0,NA,NA,NA,NA,NA,NA,"447",0,0,"580",574.3,"580",100,100,0,"283","94",65,63.3,70.7,77.1,57,0,22.9,"580","167",100,28.8,"581",100.2,0,100,"581",100,"96",16.5
"2751","GH THRISSUR","2015-16",13,"0","0","0",NA,NA,"0","1,476",NA,NA,"208",NA,"566","12",2.1,NA,NA,NA,NA,NA,NA,NA,"2,807",0,0,"9,728",NA,"9,728",100,100,0,"919","2,787",38.1,32.7,40.3,28.9,35.1,0,71.1,"9,728","9,728",100,100,"9,873",101.5,49,99.5,"9,873",100,"1,476",14.9
"2761","Kadappuram CHCArea","2015-16",13,"1,415","1,070","574",75.6,40.6,"1,561","261",110.3,18.4,"374",26.4,"2","0",0,0,0,0,0,NA,0,NA,"0",0,NA,"0",0,"0",NA,NA,NA,"0",NA,NA,NA,NA,NA,NA,NA,NA,"0","1,125",NA,NA,"0",NA,0,NA,"0",NA,"0",NA
"2771","Madavana CHCArea","2015-16",13,"1,465","1,265","512",86.3,34.9,"1,384","593",94.5,40.5,"1,006",68.7,"4","0",0,0,0,0,0,NA,0,NA,"0",0,NA,"58",4,"58",100,100,0,"0","42",72.4,NA,72.4,0,NA,NA,100,"58","1,366",100,2355.2,"59",101.7,0,100,"59",100,"4",6.8
"2781","Mambra BPHCArea","2015-16",13,"1,153","991","346",85.9,30,"1,043","356",90.5,30.9,"725",62.9,"2",NA,0,0,1,0,1,0,0,0,"0",0,NA,"0",0,"1",0,0,100,"0",NA,NA,NA,NA,NA,NA,NA,NA,"1","994",100,9400,"1",100,0,100,"1",100,"0",0
"2791","Mattathur CHCArea","2015-16",13,"2,834","2,503","934",88.3,33,"2,997","1,449",105.8,51.1,"1,481",52.3,"439","34",7.7,0.9,1,0,1,0,0,0,"1",1,100,"704",24.8,"705",99.9,99.9,0.1,"0","424",60.2,0,60.3,0.1,0,0,99.9,"706","2,503",100.1,355,"707",100.3,1,99.9,"706",99.9,"64",9.1
"2801","Mullasserry CHCArea","2015-16",13,"1,437","1,185","461",82.5,32.1,"1,445","365",100.6,25.4,"27",1.9,"10","0",0,1.1,0,0,0,NA,0,NA,"0",0,NA,"131",9.1,"131",100,100,0,"0","79",60.3,NA,60.3,0,NA,NA,100,"131","1,453",100,1109.2,"134",102.3,0,100,"133",99.3,"28",21.1
"2811","Ollur CHCArea","2015-16",13,"2,402","1,855","681",77.2,28.4,"2,457","1,492",102.3,62.1,"1,202",50,"2","0",0,0,1,1,0,100,0,0,"0",0,NA,"1,684",70.1,"1,685",99.9,100,0.1,"0","627",37.2,NA,37.2,0,NA,NA,100,"1,684","3,775",99.9,224,"1,692",100.4,7,99.6,"1,692",100,"173",10.2
"2821","Pamboor BPHCArea","2015-16",13,"826","605","315",73.2,38.1,"750","394",90.8,47.7,"597",72.3,"1",NA,0,0,0,0,0,NA,0,NA,"2,423",0,0,"2,423",293.3,"2,423",100,100,0,"1,076",NA,44.4,44.4,NA,100,3.9,0.6,0,"2,423","698",100,28.8,"2,463",101.7,0,100,"2,463",100,"249",10.1
"2831","Pazhanji CHCArea","2015-16",13,"2,582","2,111","807",81.8,31.3,"2,369","2,268",91.8,87.8,"868",33.6,"35","0",0,0.1,0,0,0,NA,0,NA,"0",0,NA,"3,884",150.4,"3,884",100,100,0,"0","1,734",44.6,NA,44.6,0,NA,NA,100,"3,884","3,736",100,96.2,"3,883",100,3,99.9,"3,883",100,"156",4
"2841","Perinjanam CHCArea","2015-16",13,"2,434","2,037","1,003",83.7,41.2,"2,299","889",94.5,36.5,"266",10.9,"0","0",NA,0,1,0,1,0,0,0,"0",0,NA,"125",5.1,"126",99.2,99.2,0.8,"0","48",38.4,NA,38.4,0,NA,NA,100,"126","2,184",100,1733.3,"126",100,0,100,"126",100,"1",0.8
"2851","Puthenchira CHCArea","2015-16",13,"672","528","192",78.6,28.6,"663","188",98.7,28,"589",87.6,"0","0",NA,1.5,0,0,0,NA,0,NA,"0",0,NA,"126",18.8,"126",100,100,0,"0","78",61.9,NA,61.9,0,NA,NA,100,"126","461",100,365.9,"125",99.2,2,98.4,"125",100,"16",12.8
"2861","TH Kunnamkulam","2015-16",13,"0","0","0",NA,NA,"53","1,183",NA,NA,"1,043",NA,"167","33",19.8,NA,NA,NA,NA,NA,NA,NA,"382",0,0,"1,221",NA,"1,221",100,100,0,"196","579",63.5,51.3,69,31.3,40.1,0,68.7,"1,221","1,386",100,113.5,"1,225",100.3,0,100,"1,225",100,"130",10.6
"2871","THQH Chalakudy","2015-16",13,"88","47","39",53.4,44.3,"49","1,828",55.7,2077.3,"1,341",1523.9,"483","4",0.8,23.9,NA,NA,NA,NA,NA,NA,"424",0,0,"3,362",3820.5,"3,362",100,100,0,"234","1,635",55.6,55.2,55.7,12.6,49.8,0,87.4,"3,362","2,647",100,78.7,"3,369",100.2,2,99.9,"3,369",100,"365",10.8
"2881","THQH Chavakkad","2015-16",13,"382","167","283",43.7,74.1,"238","274",62.3,71.7,"155",40.6,"1,316","43",3.3,0,NA,NA,NA,NA,NA,NA,"398",0,0,"1,043",273,"1,043",100,100,0,"213","334",52.4,53.5,51.8,38.2,67.1,2.3,61.8,"1,043","651",100,62.4,"1,050",100.7,0,100,"1,040",99,"126",12.1
"2891","THQH Kodungallur","2015-16",13,"67","44","67",65.7,100,"83","2,523",123.9,3765.7,"228",340.3,"753","130",17.3,28.4,NA,NA,NA,NA,NA,NA,"1,144",0,0,"5,415",8082.1,"5,415",100,100,0,"561","2,335",53.5,49,54.7,21.1,51.7,4.5,78.9,"5,415","2,986",100,55.1,"5,458",100.8,4,99.9,"5,458",100,"759",13.9
"2901","THQH Wadakanchery","2015-16",13,"116","83","103",71.6,88.8,"121","480",104.3,413.8,"76",65.5,"640","21",3.3,1.7,NA,NA,NA,NA,NA,NA,"621",0,0,"1,013",873.3,"1,013",100,100,0,"213","182",39,34.3,46.4,61.3,0.2,0,38.7,"1,013","345",100,34.1,"1,020",100.7,0,100,"1,020",100,"63",6.2
"2911","Thiruvilwamala CHCArea","2015-16",13,"2,445","2,029","1,322",83,54.1,"2,223","1,455",90.9,59.5,"472",19.3,"568","20",3.5,2.1,3,1,2,33.3,0,0,"1",0,0,"478",19.6,"481",99.4,99.6,0.6,"0","189",39.5,0,39.6,0.2,0,0,99.8,"478","2,722",99.4,565.9,"483",100.4,0,100,"481",99.6,"22",4.6
"2921","Tholur CHCArea","2015-16",13,"1,881","1,460","497",77.6,26.4,"1,592","1,677",84.6,89.2,"1,753",93.2,"9","0",0,0,0,0,0,NA,0,NA,"0",0,NA,"4,828",256.7,"4,828",100,100,0,"0","1,701",35.2,NA,35.2,0,NA,NA,100,"4,828","3,564",100,73.8,"4,886",101.2,2,100,"4,886",100,"306",6.3
"2931","Vadakkekad CHCArea","2015-16",13,"1,618","966","631",59.7,39,"1,426","300",88.1,18.5,"457",28.2,"0","0",NA,0,0,0,0,NA,0,NA,"0",0,NA,"283",17.5,"283",100,100,0,"0","87",30.7,NA,30.7,0,NA,NA,100,"283","493",100,174.2,"285",100.7,0,100,"285",100,"23",8.1
"2941","Vatanapilly CHCArea","2015-16",13,"1,777","1,292","765",72.7,43.1,"1,509","1,408",84.9,79.2,"3,842",216.2,"129","0",0,1.8,0,0,0,NA,0,NA,"0",0,NA,"709",39.9,"709",100,100,0,"0","304",42.9,NA,42.9,0,NA,NA,100,"709","1,812",100,255.6,"712",100.4,3,99.6,"712",100,"55",7.7
"2951","Vellangallur CHCArea","2015-16",13,"964","758","374",78.6,38.8,"906","585",94,60.7,"672",69.7,"0","0",NA,0,0,0,0,NA,0,NA,"0",0,NA,"765",79.4,"765",100,100,0,"0","471",61.6,NA,61.6,0,NA,NA,100,"765","836",100,109.3,"772",100.9,2,99.7,"772",100,"34",4.4
"2961","Vellanikkara CHCArea","2015-16",13,"2,113","1,660","828",78.6,39.2,"1,559","812",73.8,38.4,"19",0.9,"0","0",NA,0,0,0,0,NA,0,NA,"0",0,NA,"0",0,"0",NA,NA,NA,"0",NA,NA,NA,NA,NA,NA,NA,NA,"0","1,724",NA,NA,"0",NA,0,NA,"0",NA,"0",NA
"2971","Vilvattom BPHCArea","2015-16",13,"665","469","296",70.5,44.5,"602","535",90.5,80.5,"246",37,"541","25",4.6,0.9,0,0,0,NA,0,NA,"0",0,NA,"1,545",232.3,"1,545",100,100,0,"0","598",38.7,NA,38.7,0,NA,NA,100,"1,545","1,125",100,72.8,"1,545",100,2,99.9,"1,545",100,"83",5.4
"2991","CHC MEENANGADY","2015-16",14,"3,046","2,734","2,107",89.8,69.2,"2,781","1,579",91.3,51.8,"2,501",82.1,"923","14",1.5,3.1,25,3,22,12,0,0,"999",0,0,"1,976",64.9,"2,001",98.8,98.9,1.2,"379","348",36.8,37.9,35.6,50.6,89.5,0,49.4,"1,929","3,823",96.4,191.1,"2,007",100.3,11,99.5,"2,007",100,"257",12.8
"3001","CHC MEPPADY","2015-16",14,"1,894","1,727","1,402",91.2,74,"1,685","2,832",89,149.5,"1,898",100.2,"370","65",17.6,20.9,18,3,15,16.7,0,0,"814",1,0.1,"4,439",234.4,"4,457",99.6,99.7,0.4,"145","795",21.2,17.8,21.9,18.3,51.8,0,81.7,"4,450","5,809",99.8,130.3,"4,465",100.2,23,99.5,"4,465",100,"429",9.6
"3011","CHC PORUNNANORE","2015-16",14,"4,297","3,709","3,102",86.3,72.2,"3,780","2,283",88,53.1,"3,662",85.2,"1,610","0",0,1.7,73,3,70,4.1,2,2.7,"0",0,NA,"0",0,"73",0,4.1,100,"0","0",NA,NA,NA,NA,NA,NA,NA,"125","2,400",171.2,3287.7,"69",94.5,4,94.5,"69",100,"31",44.9
"3021","CHC PULPALLY","2015-16",14,"2,684","2,389","1,630",89,60.7,"2,368","1,103",88.2,41.1,"2,215",82.5,"882","2",0.2,1.6,66,2,64,3,2,3,"3",4,133.3,"15",0.6,"81",18.5,21,81.5,"0","4",26.7,0,33.3,20,5033.3,0,80,"123","1,652",151.9,2039.5,"81",100,1,98.8,"80",98.8,"34",42.5
"3031","CHC THARIYODE","2015-16",14,"1,621","1,484","952",91.5,58.7,"1,465","833",90.4,51.4,"1,414",87.2,"446","3",0.7,0.6,18,4,14,22.2,0,0,"0",0,NA,"0",0,"18",0,22.2,100,"0","0",NA,NA,NA,NA,NA,NA,NA,"19","1,030",105.6,5722.2,"18",100,0,100,"17",94.4,"11",64.7
"3041","MANANTHAVADY","2015-16",14,"100","77","95",77,95,"85","662",85,662,"73",73,"1,036","120",11.6,17,0,0,0,NA,0,NA,"1,748",0,0,"2,480",2480,"2,480",100,100,0,"365","240",24.4,20.9,32.8,70.5,56.5,0,29.5,"2,365","1,197",95.4,48.3,"2,491",100.4,1,100,"2,491",100,"599",24
"3051","SULTHAN BATHERY","2015-16",14,"55","49","3",89.1,5.5,"50","1,841",90.9,3347.3,"458",832.7,"387","0",0,83.6,0,0,0,NA,0,NA,"1,297",0,0,"4,194",7625.5,"4,194",100,100,0,"296","1,302",38.1,22.8,44.9,30.9,35.4,0,69.1,"3,934","952",93.8,22.7,"4,231",100.9,21,99.5,"4,231",100,"688",16.3
"3061","THQH VYTHIRI","2015-16",14,"38","37","68",97.4,178.9,"41","77",107.9,202.6,"149",392.1,"11","0",0,0,0,0,0,NA,0,NA,"81",0,0,"81",213.2,"81",100,100,0,"14",NA,17.3,17.3,NA,100,488.9,0,0,"80","18",98.8,22.2,"81",100,1,98.8,"81",100,"18",22.2
